method,iter,K,budget,NMI,aRand,purity,numclusters,time,trueclusters
nbc2,2,0,0,0.720789297966192,0.33923998564469,0.977,66,0.06824,12
bapd,2,0,0,0.20038699499474,0.00506249486215633,0.389,30,0.066236,12
seed,2,0,0,0.591747677418511,0.094036254890891,0.877,86,0.057193,12
gpbi,2,4,2000,0.927929334001165,0.935766223483696,0.966,13,1.349154,12
nbc2,3,0,0,0.748229769998348,0.341154608112423,0.991,64,0.068823,12
bapd,3,0,0,0.217490896173626,0.00108642613683851,0.43,47,0.130403,12
seed,3,0,0,0.612523389752113,0.111893956947348,0.901,80,0.056303,12
gpbi,3,4,2000,0.967733605432489,0.979888822459634,0.987,12,1.323432,12
nbc2,4,0,0,0.783256876784067,0.423072688576738,0.998,55,0.068395,12
bapd,4,0,0,0.24614731863685,0.0343103460810009,0.45,39,0.10499,12
seed,4,0,0,0.64486066441687,0.129791745727038,0.935,71,0.055797,12
gpbi,4,4,2000,0.991192034947513,0.993296108182907,0.997,12,1.308568,12
nbc2,5,0,0,0.781240254288105,0.423323052890925,1,61,0.067894,12
bapd,5,0,0,0.256072702902603,0.00790132136794961,0.457,42,0.145898,12
seed,5,0,0,0.661147747827096,0.153233478027787,0.946,67,0.054255,12
gpbi,5,4,2000,0.99501429430021,0.996741956447668,0.998,12,1.294029,12
nbc2,6,0,0,0.79940372094726,0.526384198435157,0.999,57,0.068235,12
bapd,6,0,0,0.295278279663587,0.0184805713988127,0.514,60,0.213307,12
seed,6,0,0,0.682970730033981,0.186079274077366,0.954,60,0.053064,12
gpbi,6,4,2000,1,1,1,12,1.296246,12
nbc2,7,0,0,0.775622467657432,0.371191103809605,1,57,0.07016,12
bapd,7,0,0,0.324508257403347,0.005498888528053,0.533,47,0.197511,12
seed,7,0,0,0.672174332507503,0.171176016827382,0.953,57,0.05293,12
gpbi,7,4,2000,0.998454023391797,0.998908872673157,1,13,1.290268,12
nbc2,8,0,0,0.806100647670984,0.487164306366375,1,53,0.068458,12
bapd,8,0,0,0.303707226469002,0.0301537553852674,0.505,55,0.211284,12
seed,8,0,0,0.684969090091795,0.186378232405612,0.96,54,0.052683,12
gpbi,8,4,2000,0.996216186027986,0.996600601351244,1,13,1.290608,12
nbc2,9,0,0,0.810813255534862,0.479317164679604,1,47,0.06926,12
bapd,9,0,0,0.296133899637659,0.0241721628613907,0.482,48,0.182822,12
seed,9,0,0,0.700066087923349,0.211670161790822,0.963,50,0.052121,12
gpbi,9,4,2000,1,1,1,12,1.28304,12
nbc2,10,0,0,0.797764031161337,0.461910663488551,1,51,0.068065,12
bapd,10,0,0,0.298951873915883,0.0205336650337329,0.482,48,0.194584,12
seed,10,0,0,0.702929861799842,0.225762130887267,0.963,48,0.05133,12
gpbi,10,4,2000,1,1,1,12,1.284894,12
nbc2,11,0,0,0.805845925343675,0.491896746450787,1,54,0.06814,12
bapd,11,0,0,0.318325288810594,0.0296509705605404,0.477,54,0.242535,12
seed,11,0,0,0.718112298984792,0.252724339686108,0.966,43,0.050707,12
gpbi,11,4,2000,1,1,1,12,1.280702,12
nbc2,12,0,0,0.85176271403759,0.628731553240331,1,42,0.068279,12
bapd,12,0,0,0.332512519546468,0.0339925064045825,0.494,59,0.261449,12
seed,12,0,0,0.7245036800177,0.268183220699202,0.967,42,0.050703,12
gpbi,12,4,2000,1,1,1,12,1.278186,12
nbc2,13,0,0,0.850392138483381,0.626373318697662,1,42,0.069434,12
bapd,13,0,0,0.355481870033107,0.0696386462002835,0.51,53,0.256885,12
seed,13,0,0,0.732731312958867,0.290169311883342,0.967,41,0.050634,12
gpbi,13,4,2000,1,1,1,12,1.273944,12
nbc2,14,0,0,0.867068275748387,0.736490111812938,1,42,0.068627,12
bapd,14,0,0,0.365003633520901,0.060621750649184,0.516,63,0.292554,12
seed,14,0,0,0.741355173686893,0.314332651005651,0.967,39,0.050684,12
gpbi,14,4,2000,1,1,1,12,1.272754,12
nbc2,15,0,0,0.86380926046164,0.714078218541078,1,43,0.068883,12
bapd,15,0,0,0.363635637735453,0.065556375192146,0.519,64,0.325499,12
seed,15,0,0,0.746772887835259,0.331448691383559,0.968,38,0.050496,12
gpbi,15,4,2000,1,1,1,12,1.273738,12
nbc2,16,0,0,0.859726579984627,0.724711710454997,1,49,0.068343,12
bapd,16,0,0,0.364288294764825,0.073294999629875,0.521,62,0.32149,12
seed,16,0,0,0.755301558561728,0.355796728512136,0.971,36,0.049554,12
gpbi,16,4,2000,1,1,1,12,1.278172,12
nbc2,17,0,0,0.869661301208704,0.771684853202284,1,52,0.069164,12
bapd,17,0,0,0.364759519803728,0.0879909088659988,0.504,61,0.334189,12
seed,17,0,0,0.760221832350984,0.371433129210081,0.973,34,0.049367,12
gpbi,17,4,2000,1,1,1,12,1.280143,12
nbc2,18,0,0,0.8817866504983,0.792970763978991,1,44,0.067955,12
bapd,18,0,0,0.370454388789667,0.0799581547816738,0.537,71,0.40987,12
seed,18,0,0,0.768133218602729,0.395211945726302,0.974,34,0.048868,12
gpbi,18,4,2000,1,1,1,12,1.286605,12
nbc2,19,0,0,0.883160366803205,0.805459012445474,1,44,0.071463,12
bapd,19,0,0,0.390976085463869,0.0892731838151182,0.573,72,0.459821,12
seed,19,0,0,0.76676332094501,0.393392749600177,0.975,33,0.048656,12
gpbi,19,4,2000,1,1,1,12,1.272377,12
nbc2,20,0,0,0.916861538776898,0.890753889815781,1,45,0.068467,12
bapd,20,0,0,0.414258049443997,0.0534310983795229,0.636,101,0.784738,12
seed,20,0,0,0.772453323017398,0.416553104540153,0.975,33,0.048745,12
gpbi,20,4,2000,1,1,1,12,1.270448,12
nbc2,21,0,0,0.923987422909838,0.901444541283307,1,40,0.068155,12
bapd,21,0,0,0.409203453154987,0.102737623255071,0.631,82,0.487425,12
seed,21,0,0,0.775476752978221,0.429931632125277,0.976,33,0.048468,12
gpbi,21,4,2000,1,1,1,12,1.287476,12
nbc2,22,0,0,0.919419778983795,0.888930124161068,1,35,0.068754,12
bapd,22,0,0,0.407130504773776,0.0844348895863126,0.631,85,0.543421,12
seed,22,0,0,0.787293939995623,0.456279510394406,0.978,29,0.048193,12
gpbi,22,4,2000,1,1,1,12,1.282253,12
nbc2,23,0,0,0.956804618952565,0.953204562570538,1,32,0.068797,12
bapd,23,0,0,0.386532338061636,0.0499785842031936,0.599,93,0.531097,12
seed,23,0,0,0.79213942517755,0.460092607608837,0.978,28,0.048573,12
gpbi,23,4,2000,1,1,1,12,1.285038,12
nbc2,24,0,0,0.963976498068036,0.969377320272866,1,29,0.06949,12
bapd,24,0,0,0.375271649954198,0.0989652999105932,0.605,94,0.495083,12
seed,24,0,0,0.791164933473868,0.466485208579899,0.978,28,0.04809,12
gpbi,24,4,2000,1,1,1,12,1.275105,12
nbc2,25,0,0,0.930327969741427,0.92029502520998,1,35,0.068143,12
bapd,25,0,0,0.428069895118087,0.125768265393484,0.659,99,0.580952,12
seed,25,0,0,0.791659009521409,0.468655338765936,0.979,27,0.047676,12
gpbi,25,4,2000,1,1,1,12,1.275956,12
nbc2,26,0,0,0.918747524193757,0.891536037147728,1,35,0.068261,12
bapd,26,0,0,0.412849780412661,0.07389236852643,0.604,93,0.527211,12
seed,26,0,0,0.802862388998432,0.49378137324753,0.98,24,0.047621,12
gpbi,26,4,2000,1,1,1,12,1.274124,12
nbc2,27,0,0,0.933718465214666,0.910507853792037,1,28,0.068194,12
bapd,27,0,0,0.397466289668883,0.0654737841558606,0.582,74,0.482656,12
seed,27,0,0,0.787316734329334,0.45040922217716,0.981,24,0.048063,12
gpbi,27,4,2000,1,1,1,12,1.272371,12
nbc2,28,0,0,0.94452304281501,0.935841928614159,1,32,0.068653,12
bapd,28,0,0,0.425483519458666,0.099962989937354,0.675,100,0.596746,12
seed,28,0,0,0.796812057273985,0.473789785668496,0.981,22,0.047236,12
gpbi,28,4,2000,0.998427245383498,0.999049279643501,1,13,1.275737,12
nbc2,29,0,0,0.941239700290518,0.928188071010529,1,32,0.068251,12
bapd,29,0,0,0.407758172180459,0.130476795187096,0.654,93,0.547058,12
seed,29,0,0,0.798688547541982,0.482013121243726,0.981,22,0.046933,12
gpbi,29,4,2000,0.998428442142184,0.999042981999678,1,13,1.277437,12
nbc2,30,0,0,0.945475817132896,0.935218271518975,1,34,0.068515,12
bapd,30,0,0,0.382586361539133,0.0972638521944174,0.612,86,0.545812,12
seed,30,0,0,0.803681224903555,0.49688434515734,0.982,22,0.046824,12
gpbi,30,4,2000,0.998429409574134,0.999058017299457,1,13,1.269427,12
nbc2,31,0,0,0.952789314311426,0.947007225537248,1,32,0.068505,12
bapd,31,0,0,0.383854205723094,0.102396723816624,0.604,83,0.646454,12
seed,31,0,0,0.824558220126231,0.585263974891219,0.983,21,0.046859,12
gpbi,31,4,2000,0.998384062949991,0.999016783516664,1,13,1.276399,12
nbc2,32,0,0,0.95375054556689,0.952413888423348,1,31,0.068624,12
bapd,32,0,0,0.410451954084842,0.112495105948875,0.628,85,0.599967,12
seed,32,0,0,0.831658985779602,0.598788482269011,0.984,20,0.046811,12
gpbi,32,4,2000,1,1,1,12,1.276738,12
nbc2,33,0,0,0.965950527779891,0.970239837479806,1,28,0.068418,12
bapd,33,0,0,0.40350124312529,0.0968585496214811,0.643,92,0.672974,12
seed,33,0,0,0.838313955611106,0.615663374742807,0.985,19,0.052799,12
gpbi,33,4,2000,1,1,1,12,1.270352,12
nbc2,34,0,0,0.962816644885683,0.970060514226042,1,26,0.069006,12
bapd,34,0,0,0.435935382206174,0.12786535168193,0.692,115,0.869767,12
seed,34,0,0,0.838611582733824,0.623947316566539,0.985,19,0.046197,12
gpbi,34,4,2000,1,1,1,12,1.266378,12
nbc2,35,0,0,0.95443614840456,0.95308000260325,1,26,0.068289,12
bapd,35,0,0,0.451264815180554,0.137291337312451,0.743,114,0.837299,12
seed,35,0,0,0.857359046710925,0.673892203325266,0.986,18,0.046616,12
gpbi,35,4,2000,1,1,1,12,1.26795,12
nbc2,36,0,0,0.951599167999287,0.951350470377114,1,25,0.068162,12
bapd,36,0,0,0.436598603197975,0.0839963902063794,0.725,96,0.693326,12
seed,36,0,0,0.853327871603277,0.658693695058146,0.987,18,0.046194,12
gpbi,36,4,2000,1,1,1,12,1.267587,12
nbc2,37,0,0,0.957938727202576,0.962414939813002,1,25,0.06794,12
bapd,37,0,0,0.439225618053047,0.0758515483888259,0.734,108,0.820347,12
seed,37,0,0,0.855583464793701,0.660854571871042,0.986,17,0.046348,12
gpbi,37,4,2000,1,1,1,12,1.269384,12
nbc2,38,0,0,0.957964876889567,0.966406365393976,1,25,0.067919,12
bapd,38,0,0,0.415705728049284,0.077275103730338,0.676,103,0.745689,12
seed,38,0,0,0.853706481656913,0.653971433190151,0.987,17,0.045966,12
gpbi,38,4,2000,1,1,1,12,1.268133,12
nbc2,39,0,0,0.966086528613517,0.971922854772075,1,24,0.068907,12
bapd,39,0,0,0.418885233346498,0.11097311935679,0.749,112,0.852028,12
seed,39,0,0,0.850186212358061,0.641301856535962,0.987,17,0.046132,12
gpbi,39,4,2000,1,1,1,12,1.26645,12
nbc2,40,0,0,0.965683683200155,0.972573217839029,1,25,0.068573,12
bapd,40,0,0,0.407143677083202,0.140633084953187,0.699,83,0.745045,12
seed,40,0,0,0.850469470073958,0.63999584832015,0.987,16,0.045839,12
gpbi,40,4,2000,1,1,1,12,1.270703,12
nbc2,41,0,0,0.978173531840857,0.982906131027255,1,20,0.068155,12
bapd,41,0,0,0.370855003857888,0.0982382035453299,0.673,76,0.734514,12
seed,41,0,0,0.832575187780327,0.570379163331772,0.987,16,0.044309,12
gpbi,41,4,2000,1,1,1,12,1.309366,12
nbc2,42,0,0,0.976852136532098,0.983394981077459,1,22,0.06833,12
bapd,42,0,0,0.372175470094268,0.123442915108279,0.685,75,0.797648,12
seed,42,0,0,0.827013127696828,0.553827267617917,0.987,16,0.04567,12
gpbi,42,4,2000,1,1,1,12,1.269364,12
nbc2,43,0,0,0.969074602181982,0.981515510916431,1,25,0.068257,12
bapd,43,0,0,0.434014366643296,0.181801740509285,0.76,93,0.937747,12
seed,43,0,0,0.821018701395145,0.54148887185913,0.987,16,0.045629,12
gpbi,43,4,2000,1,1,1,12,1.271532,12
nbc2,44,0,0,0.978028543774951,0.988478847210245,1,22,0.068385,12
bapd,44,0,0,0.442092478031569,0.185562024959824,0.736,71,0.928744,12
seed,44,0,0,0.939699849302953,0.976975114447365,0.988,14,0.045502,12
gpbi,44,4,2000,1,1,1,12,1.299142,12
nbc2,45,0,0,0.985250850670988,0.991426928194983,1,19,0.068014,12
bapd,45,0,0,0.470514347081659,0.301740552375831,0.774,62,0.816032,12
seed,45,0,0,0.958770052613205,0.987472783641967,0.988,13,0.045625,12
gpbi,45,4,2000,1,1,1,12,1.282668,12
nbc2,46,0,0,0.978639970750122,0.984339381432148,1,20,0.068686,12
bapd,46,0,0,0.436696551362695,0.27489653265681,0.792,69,0.888802,12
seed,46,0,0,0.960631756648544,0.989500167710237,0.988,13,0.0454,12
gpbi,46,4,2000,1,1,1,12,1.273371,12
nbc2,47,0,0,0.981476580758666,0.988916547979789,1,19,0.068337,11
bapd,47,0,0,0.483953400329763,0.325959778452009,0.838,78,0.876673,11
seed,47,0,0,0.962505109848493,0.990684320268918,0.989,12,0.045068,11
gpbi,47,4,2000,1,1,1,11,1.281088,11
nbc2,48,0,0,0.988581159147165,0.992134252809351,1,15,0.068176,11
bapd,48,0,0,0.421688297129623,0.23126819410173,0.817,77,1.149358,11
seed,48,0,0,0.970987014669188,0.993100266170976,0.99,11,0.045108,11
gpbi,48,4,2000,1,1,1,11,1.304397,11
nbc2,49,0,0,0.988896700503997,0.994175399090447,1,15,0.068269,11
bapd,49,0,0,0.436432146292855,0.174404726247224,0.842,64,0.846363,11
seed,49,0,0,0.973675484758066,0.995685733667729,0.99,11,0.044867,11
gpbi,49,4,2000,1,1,1,11,1.280497,11
nbc2,50,0,0,0.991802822883673,0.9945701268863,1,14,0.068292,11
bapd,50,0,0,0.456690276683525,0.276655233464213,0.827,60,0.610962,11
seed,50,0,0,0.973234917931257,0.995725900559125,0.99,11,0.044792,11
gpbi,50,4,2000,1,1,1,11,1.283065,11
