8.6166,0.66783,12
7.3404,0.676,12
2.0891,0.67088,10
8.3962,0.68565,12
7.8775,0.61836,12
4.1391,0.54432,11
8.9593,0.66614,12
7.312,0.64587,12
7.3838,0.61503,12
4.5654,0.54367,11
7.1282,0.31849,6
8.7498,0.57512,12
8.039,0.60018,12
4.0743,0.60563,11
2.2848,0.29605,4
6.7586,0.57848,12
3.8446,0.54359,11
4.0903,0.61541,11
2.237,0.31739,4
0.60693,0.32399,2
6.9126,0.3393,6
7.6168,0.67558,12
4.0144,0.60706,11
1.2227,0.37206,3
4.3133,0.59433,11
5.0432,0.59098,11
7.0493,0.54563,12
4.2692,0.66774,11
7.6489,0.56711,12
7.5761,0.32371,6
2.13,0.70074,10
1.2484,0.59966,9
0.29302,0.63375,7
7.1748,0.72804,12
7.7812,0.56974,12
2.2047,0.36403,4
8.4377,0.32537,6
6.5196,0.6003,12
8.4407,0.29211,6
9.2668,0.70026,12
2.174,0.54602,10
7.305,0.5936,12
4.4451,0.62578,11
7.6099,0.4999,12
0.58503,0.35493,2
2.211,0.6188,10
9.109,0.32128,6
7.4812,0.66141,12
8.5107,0.7142,12
8.5373,0.32011,6
7.5857,0.31223,6
0.66427,0.32408,2
8.0448,0.66152,12
4.3352,0.6991,11
4.643,0.28884,5
3.9582,0.37064,5
3.5771,0.31834,5
8.045,0.589,12
4.6149,0.59369,11
0.60439,0.30407,2
8.4002,0.5984,12
8.0786,0.54531,12
7.1908,0.33118,6
2.7321,0.34588,4
7.9172,0.35672,6
8.3796,0.71399,12
4.3026,0.65493,11
7.7252,0.27081,6
0.30435,0.56641,7
4.2293,0.55506,11
1.3075,0.61923,9
1.2307,0.64933,9
4.3456,0.32551,5
7.0819,0.33261,6
7.3861,0.59311,12
8.6839,0.67417,12
8.4335,0.60728,12
8.8716,0.66896,12
7.4102,0.6674,12
4.3828,0.67611,11
7.6544,0.64554,12
7.3308,0.34401,6
7.2742,0.57445,12
8.6821,0.5375,12
8.2026,0.69469,12
7.3773,0.58969,12
8.4357,0.37595,6
7.2847,0.64089,12
8.1165,0.36547,6
7.0306,0.33477,6
1.1598,0.65893,9
7.6372,0.61523,12
7.9434,0.72703,12
8.2326,0.74064,12
7.2391,0.65992,12
7.4165,0.69029,12
3.7905,0.29782,5
4.1667,0.59722,11
7.2931,0.40073,6
3.6527,0.63324,11
6.8732,0.67693,12
4.0702,0.63119,11
8.3849,0.73589,12
7.7416,0.5115,12
7.1563,0.35256,6
1.8947,0.6288,10
2.1895,0.35867,4
3.9126,0.26879,5
3.8993,0.33191,5
0.31966,0.62287,7
4.3663,0.41253,5
4.3765,0.31467,5
8.3554,0.60918,12
8.7947,0.55066,12
2.3405,0.65899,10
7.4724,0.65105,12
1.164,0.70216,9
4.5249,0.60418,11
8.0249,0.67104,12
7.6913,0.33368,6
0.62121,0.31011,2
3.9947,0.67799,11
6.5414,0.64795,12
2.1463,0.60234,10
2.8688,0.30605,4
7.3193,0.59177,12
7.732,0.33116,6
1.1734,0.6349,9
6.9302,0.61872,12
2.3257,0.3756,4
7.7342,0.62458,12
7.2648,0.57155,12
7.2922,0.69784,12
8.3079,0.60281,12
7.4352,0.64463,12
2.2678,0.61158,10
1.2242,0.32592,3
9.1366,0.68683,12
8.3045,0.33668,6
8.5852,0.70359,12
7.1365,0.63714,12
7.4116,0.26327,6
8.2244,0.31928,6
4.8841,0.54768,11
7.6766,0.62218,12
8.57,0.34898,6
4.1004,0.65124,11
1.285,0.71367,9
7.141,0.54996,12
3.6397,0.62676,11
6.9779,0.67284,12
4.9128,0.62989,11
8.1558,0.33354,6
4.3082,0.62566,11
7.6409,0.66661,12
8.4078,0.59075,12
8.1122,0.65972,12
7.8198,0.34716,6
9.1335,0.68059,12
7.7312,0.31721,6
1.2484,0.54311,9
6.8825,0.33572,6
0.58359,0.63514,8
4.5256,0.37805,5
1.0455,0.58552,9
2.0212,0.61564,10
8.1365,0.69241,12
1.1044,0.31952,3
2.3711,0.68231,10
4.3398,0.70092,11
7.217,0.33719,6
3.7294,0.6616,11
7.4637,0.56033,12
7.4041,0.36222,6
7.7458,0.65216,12
2.2618,0.62229,10
0.65403,0.63838,8
2.2047,0.5989,10
6.8757,0.61238,12
8.1758,0.61639,12
4.383,0.36072,5
7.3578,0.33408,6
8.3164,0.68216,12
1.2392,0.33752,3
0.32735,0.61615,7
4.0858,0.63541,11
9.2337,0.3196,6
7.13,0.64105,12
4.0508,0.59817,11
7.7417,0.29056,6
8.157,0.77885,12
8.6065,0.603,12
7.8745,0.58425,12
0.62967,0.58526,8
7.2862,0.61556,12
2.3866,0.62781,10
0.67142,0.61664,8
8.9102,0.63905,12
3.9333,0.77452,11
0.54195,0.36243,2
0.70922,0.67004,8
8.2407,0.33628,6
4.4882,0.64613,11
7.4153,0.64176,12
3.94,0.61481,11
9.2636,0.62171,12
7.6214,0.64291,12
7.7177,0.35711,6
4.1594,0.55671,11
2.0205,0.27912,4
7.0099,0.68119,12
0.37503,0.3675,1
8.6726,0.59446,12
0.73804,0.62523,8
8.4259,0.32442,6
1.1851,0.32029,3
2.0843,0.68162,10
1.1844,0.78836,9
2.2657,0.32406,4
7.3151,0.32947,6
3.9367,0.60111,11
4.6643,0.30231,5
7.9664,0.55023,12
1.0733,0.60985,9
7.3258,0.61456,12
4.293,0.54115,11
6.8441,0.6277,12
4.3471,0.33991,5
0.6121,0.62242,8
4.1565,0.60547,11
3.7188,0.71095,11
6.9417,0.61557,12
8.2767,0.65062,12
0.35666,0.61691,7
4.2318,0.33808,5
8.6041,0.35206,6
2.207,0.59385,10
3.9256,0.68723,11
8.8105,0.67772,12
2.3496,0.38698,4
6.9806,0.64804,12
7.6076,0.64425,12
3.6276,0.33097,5
6.5492,0.29958,6
8.8819,0.70949,12
7.6431,0.53713,12
7.8406,0.66568,12
7.1869,0.39303,6
8.6218,0.64726,12
4.1624,0.68932,11
3.8636,0.32929,5
6.9906,0.65692,12
6.5862,0.6523,12
1.9377,0.66104,10
7.7609,0.59634,12
7.3796,0.40358,6
3.7376,0.78595,11
3.8026,0.314,5
0.9995,0.58333,9
6.6931,0.32414,6
4.5225,0.34357,5
0.60483,0.64416,8
7.6428,0.31708,6
4.7734,0.62902,11
1.3394,0.35797,3
1.3356,0.62212,9
1.96,0.31746,4
1.9045,0.3336,4
2.3,0.30896,4
8.8703,0.57486,12
7.6105,0.69624,12
7.7566,0.70398,12
7.4526,0.61443,12
0.29128,0.63808,7
0.28486,0.31279,1
6.8576,0.71214,12
2.5904,0.5891,10
4.1087,0.52977,11
1.1967,0.61036,9
1.1774,0.39493,3
3.5829,0.6809,11
3.6985,0.53988,11
6.8634,0.63862,12
4.2047,0.6363,11
3.8323,0.73278,11
3.6463,0.30315,5
7.6262,0.62461,12
7.6563,0.74081,12
8.3634,0.38102,6
8.0117,0.61759,12
2.3539,0.69182,10
7.47,0.66249,12
8.1994,0.33798,6
3.7934,0.61585,11
7.7042,0.59822,12
8.8356,0.54739,12
8.246,0.28281,6
3.7366,0.31539,5
9.7083,0.36096,6
2.2612,0.59764,10
6.932,0.62051,12
7.575,0.32454,6
4.212,0.55324,11
8.1973,0.63855,12
7.8984,0.3632,6
8.0602,0.58358,12
8.612,0.71283,12
3.9131,0.49602,11
1.1205,0.73956,9
4.4694,0.71491,11
2.1415,0.72506,10
3.8983,0.77361,11
1.104,0.62961,9
6.7022,0.71115,12
7.8779,0.57053,12
6.3018,0.6316,12
8.0416,0.33536,6
2.0715,0.6703,10
7.2156,0.34065,6
0.64509,0.54474,8
7.7012,0.68817,12
0.66856,0.42028,2
6.3899,0.33324,6
7.3899,0.69771,12
8.3196,0.67608,12
7.4242,0.71103,12
1.0608,0.55603,9
7.6151,0.66856,12
4.0273,0.34528,5
7.9707,0.34342,6
2.3462,0.6155,10
2.0915,0.63788,10
1.2166,0.59078,9
7.9489,0.66923,12
8.6646,0.73372,12
8.0807,0.60564,12
1.8493,0.61112,10
0.70987,0.60561,8
8.3042,0.30522,6
7.3859,0.58815,12
4.4677,0.26424,5
7.5606,0.7614,12
4.4662,0.55896,11
1.9973,0.64381,10
1.1065,0.31941,3
3.9747,0.53442,11
4.0454,0.5978,11
7.9493,0.55756,12
6.8278,0.3345,6
0.62033,0.31996,2
5.8888,0.64331,12
8.7947,0.3148,6
4.3991,0.64947,11
4.1222,0.61665,11
2.265,0.5622,10
7.0884,0.33242,6
8.1405,0.5917,12
2.1522,0.58051,10
7.7104,0.32162,6
0.55499,0.56722,8
7.2649,0.67546,12
2.1435,0.35708,4
7.3985,0.33389,6
3.9877,0.5839,11
7.7603,0.75797,12
1.2464,0.58173,9
7.1883,0.40279,6
4.4332,0.62341,11
7.7473,0.5274,12
8.3661,0.32393,6
2.0492,0.66964,10
1.1811,0.62345,9
7.3288,0.65095,12
2.4153,0.66766,10
7.3951,0.28859,6
4.4028,0.61642,11
8.0844,0.64591,12
2.4042,0.63378,10
8.8758,0.30844,6
8.1996,0.33466,6
7.9364,0.5934,12
4.522,0.60481,11
3.5567,0.31671,5
0.61828,0.71281,8
7.5708,0.2774,6
7.3151,0.29191,6
7.6909,0.32756,6
0.57326,0.28747,2
6.8973,0.68161,12
4.447,0.7112,11
7.1863,0.32869,6
6.7371,0.36945,6
4.1863,0.74069,11
4.5016,0.59547,11
7.8821,0.29566,6
7.5776,0.32101,6
7.4578,0.64225,12
3.7645,0.32305,5
0.32601,0.28113,1
1.9118,0.34435,4
0.33311,0.62727,7
2.3668,0.36733,4
7.3505,0.61177,12
3.9446,0.67278,11
3.9323,0.52511,11
1.1719,0.65304,9
9.3527,0.62346,12
4.0739,0.6132,11
7.6679,0.60079,12
8.731,0.6038,12
7.6845,0.33591,6
8.0549,0.35442,6
2.1649,0.75597,10
2.4534,0.58277,10
7.761,0.28359,6
9.4314,0.6525,12
6.913,0.73443,12
7.5913,0.52195,12
2.3886,0.35862,4
8.4218,0.55174,12
4.4779,0.59636,11
4.2649,0.57501,11
6.379,0.63297,12
0.3522,0.37064,1
7.8896,0.33139,6
3.9284,0.61142,11
7.2489,0.3332,6
8.1997,0.63532,12
4.3494,0.34025,5
8.0698,0.47249,12
6.8466,0.29105,6
2.3911,0.62654,10
2.5428,0.35234,4
7.904,0.68096,12
1.8265,0.63957,10
3.9836,0.37436,5
8.0542,0.63473,12
8.0581,0.778,12
1.1956,0.32747,3
4.1405,0.64197,11
4.0004,0.38994,5
7.7344,0.71834,12
3.6371,0.68055,11
8.0484,0.29852,6
3.7692,0.63122,11
2.1082,0.38496,4
0.40285,0.60595,7
7.899,0.34033,6
4.09,0.6115,11
3.7278,0.31195,5
1.2006,0.71474,9
6.8797,0.37905,6
8.4478,0.60971,12
0.93509,0.62102,9
7.6452,0.54825,12
3.646,0.56755,11
3.7255,0.67361,11
4.2798,0.35409,5
7.3364,0.43381,6
8.6401,0.65102,12
6.8844,0.65315,12
0.57621,0.64511,8
3.9657,0.63412,11
7.1122,0.5453,12
2.3428,0.38197,4
4.7554,0.59979,11
4.3988,0.64804,11
4.3645,0.39902,5
8.1425,0.62495,12
3.7273,0.33941,5
2.2924,0.55062,10
7.8462,0.56591,12
0.3249,0.58647,7
9.1869,0.60967,12
6.4431,0.32226,6
7.8325,0.63592,12
8.0595,0.30101,6
0.38675,0.69963,7
7.492,0.35593,6
1.0526,0.65956,9
9.0263,0.58414,12
7.4303,0.3463,6
7.929,0.32432,6
8.7839,0.68627,12
0.64658,0.37356,2
1.2421,0.34249,3
8.1667,0.69602,12
7.4184,0.55559,12
8.0888,0.67256,12
7.5616,0.55989,12
9.7132,0.60508,12
7.9595,0.32075,6
3.9647,0.66503,11
1.0265,0.62874,9
7.6207,0.30727,6
7.1274,0.59082,12
7.2511,0.61962,12
2.2366,0.63821,10
1.034,0.65928,9
1.2559,0.60287,9
7.1043,0.6401,12
6.8464,0.32994,6
8.1474,0.68524,12
6.7332,0.34933,6
0.60221,0.66743,8
4.0929,0.5827,11
3.8524,0.5897,11
0.32351,0.67241,7
1.2796,0.34537,3
4.186,0.30267,5
7.767,0.56628,12
7.9838,0.3438,6
7.2909,0.26462,6
8.0409,0.58165,12
7.1167,0.68433,12
2.4924,0.65447,10
1.0382,0.54391,9
7.7565,0.61557,12
1.1028,0.34931,3
7.1997,0.65283,12
7.4084,0.66564,12
0.64646,0.60849,8
7.8962,0.28725,6
8.8987,0.5457,12
4.5909,0.30892,5
2.3022,0.36651,4
0.65195,0.30442,2
7.4936,0.63286,12
7.773,0.62079,12
7.6623,0.70193,12
4.4284,0.38056,5
1.1233,0.62299,9
8.7044,0.63963,12
9.1904,0.61523,12
3.6564,0.30623,5
7.5611,0.50203,12
6.9117,0.58848,12
6.59,0.49831,12
6.6754,0.58734,12
3.6913,0.34896,5
1.1822,0.7059,9
3.7736,0.66934,11
6.6995,0.62498,12
2.2263,0.68299,10
3.8767,0.59483,11
3.8573,0.31335,5
4.1541,0.53479,11
2.5027,0.64503,10
8.9795,0.5838,12
8.7569,0.30033,6
2.1563,0.32008,4
2.2035,0.65954,10
7.4883,0.63227,12
4.3227,0.30711,5
7.3687,0.56964,12
7.0638,0.65508,12
4.003,0.64363,11
7.0214,0.59145,12
8.3748,0.61645,12
7.7453,0.71779,12
7.9847,0.30825,6
7.6058,0.61004,12
7.5517,0.31538,6
7.1667,0.35676,6
2.3473,0.5547,10
4.1643,0.70213,11
1.1541,0.70276,9
7.1963,0.62029,12
7.6062,0.65217,12
7.1262,0.6219,12
1.2537,0.30709,3
2.0345,0.58811,10
3.8182,0.55206,11
2.3338,0.58778,10
4.1937,0.58892,11
7.9878,0.61193,12
7.9637,0.64428,12
7.7697,0.60849,12
7.788,0.59245,12
4.9885,0.38303,5
1.2855,0.29142,3
0.61746,0.71148,8
8.6552,0.7483,12
4.2074,0.52022,11
9.8786,0.64332,12
8.1491,0.59171,12
7.653,0.39504,6
4.1902,0.67884,11
0.57866,0.35949,2
6.8577,0.66806,12
2.2615,0.25578,4
2.0264,0.6384,10
4.3688,0.6742,11
0.56186,0.3092,2
4.777,0.66159,11
0.68366,0.6081,8
1.299,0.33239,3
8.1074,0.59287,12
2.204,0.71242,10
7.7083,0.64596,12
7.2247,0.69358,12
3.9699,0.56148,11
7.9288,0.63638,12
7.4266,0.65914,12
4.3729,0.59832,11
8.1635,0.39557,6
4.9232,0.32342,5
8.3962,0.29772,6
1.1075,0.30883,3
6.7178,0.55778,12
2.0081,0.66302,10
7.211,0.32692,6
7.1143,0.62784,12
7.4159,0.60441,12
2.3748,0.3554,4
7.7764,0.35257,6
2.2124,0.62777,10
7.3658,0.61909,12
4.3949,0.33892,5
3.5706,0.64703,11
8.1193,0.56362,12
4.6673,0.58092,11
4.2754,0.35013,5
3.9307,0.63522,11
4.4205,0.31812,5
2.5481,0.34195,4
7.7178,0.57987,12
0.61237,0.62025,8
7.3864,0.59377,12
1.0543,0.34429,3
7.2354,0.6323,12
8.3046,0.59446,12
7.4238,0.74751,12
2.1429,0.59708,10
7.4892,0.57899,12
7.6035,0.60803,12
9.5905,0.34136,6
4.0663,0.69338,11
1.8689,0.34009,4
7.8585,0.41204,6
8.3617,0.59014,12
7.4595,0.34862,6
8.8427,0.63531,12
4.1348,0.34082,5
1.1641,0.58855,9
8.1066,0.59622,12
6.4984,0.63991,12
4.444,0.78459,11
4.2458,0.31115,5
4.2415,0.62038,11
1.1774,0.65117,9
1.1142,0.57946,9
8.4737,0.38255,6
3.6871,0.30509,5
4.0415,0.59852,11
3.8384,0.61213,11
4.3655,0.616,11
7.4338,0.78614,12
7.5754,0.76032,12
7.9834,0.53476,12
7.0268,0.6511,12
0.34818,0.69368,7
1.2592,0.37403,3
8.0201,0.68986,12
1.1178,0.34713,3
7.7882,0.58847,12
7.8163,0.31581,6
8.064,0.71225,12
8.2831,0.56209,12
8.4848,0.70557,12
8.7521,0.59491,12
2.3132,0.39577,4
2.6255,0.62376,10
3.8592,0.65736,11
6.7797,0.54946,12
8.4519,0.65951,12
0.64952,0.63383,8
7.8548,0.33739,6
6.8309,0.60628,12
8.3545,0.51899,12
4.6398,0.33151,5
8.1383,0.60536,12
3.9519,0.56284,11
8.489,0.69826,12
3.6119,0.3111,5
0.59738,0.78173,8
7.6993,0.53281,12
0.5967,0.66851,8
1.1906,0.66277,9
0.4968,0.57629,8
2.2247,0.52654,10
7.7711,0.31174,6
7.9437,0.65359,12
2.1964,0.38056,4
7.9109,0.61815,12
7.6166,0.33104,6
7.6388,0.64116,12
8.4332,0.35785,6
7.9286,0.56805,12
7.9801,0.61458,12
8.9271,0.64957,12
3.5169,0.69455,11
3.5678,0.35183,5
1.1465,0.68523,9
2.0207,0.61319,10
3.9682,0.70648,11
8.1897,0.63202,12
7.4491,0.2625,6
7.7878,0.61543,12
2.3265,0.31534,4
4.2439,0.56442,11
4.1844,0.30102,5
1.261,0.5967,9
8.1632,0.62742,12
7.542,0.70099,12
8.2839,0.72231,12
3.6596,0.56339,11
8.6281,0.66442,12
4.0201,0.35944,5
2.2603,0.64662,10
4.2007,0.31,5
0.6223,0.35307,2
4.4318,0.35967,5
7.6863,0.66359,12
0.34409,0.62287,7
2.7044,0.61308,10
4.1986,0.31386,5
4.0143,0.33901,5
0.59094,0.63981,8
8.1511,0.36198,6
4.5035,0.71925,11
4.0969,0.53138,11
1.2143,0.70132,9
4.1546,0.60131,11
4.0251,0.3648,5
0.67419,0.59668,8
4.3804,0.56464,11
2.2355,0.37086,4
7.9757,0.38877,6
3.6287,0.32693,5
1.3292,0.66551,9
7.706,0.36117,6
4.8107,0.35349,5
0.62357,0.35358,2
4.1054,0.63512,11
4.5971,0.37354,5
1.2991,0.33716,3
6.9049,0.64459,12
6.5724,0.37702,6
4.3837,0.61136,11
7.0543,0.61277,12
9.2648,0.69622,12
4.2061,0.32532,5
7.2014,0.5578,12
4.4444,0.71638,11
6.7204,0.67013,12
8.9401,0.67128,12
8.4183,0.72501,12
1.1719,0.31031,3
7.9345,0.53874,12
4.8985,0.57937,11
8.5085,0.61307,12
8.1097,0.34589,6
7.2461,0.69759,12
1.8526,0.63622,10
7.6544,0.69165,12
8.0967,0.60648,12
7.6292,0.66902,12
4.6456,0.61095,11
8.1287,0.29775,6
7.8644,0.64715,12
4.5026,0.62665,11
2.0855,0.36015,4
0.32421,0.29304,1
8.2605,0.67376,12
6.9116,0.29473,6
4.149,0.408,5
8.9692,0.65573,12
4.7536,0.61552,11
2.6184,0.64501,10
2.1998,0.35966,4
3.7609,0.6472,11
4.5319,0.52545,11
5.9763,0.36404,6
7.8868,0.5493,12
3.7293,0.74888,11
8.1803,0.32486,6
0.30817,0.77563,7
7.3828,0.59488,12
2.3161,0.66526,10
7.1175,0.30741,6
4.3437,0.68596,11
3.8749,0.64235,11
4.0535,0.36796,5
8.7567,0.30745,6
8.0083,0.31961,6
7.5544,0.69085,12
6.5392,0.34315,6
6.1236,0.6303,12
7.4809,0.39034,6
7.7354,0.53329,12
7.4144,0.67322,12
4.7053,0.35096,5
4.3165,0.51212,11
8.3526,0.71883,12
8.9662,0.59525,12
8.2962,0.56372,12
8.3337,0.3048,6
7.8928,0.68628,12
8.9423,0.64112,12
4.0852,0.70486,11
7.2818,0.3226,6
3.7701,0.3257,5
4.2023,0.61424,11
7.7765,0.62401,12
1.2047,0.63014,9
8.1898,0.34128,6
7.5963,0.34921,6
0.28821,0.70358,7
6.876,0.31369,6
0.33658,0.58537,7
4.7104,0.36294,5
9.0437,0.70538,12
7.9437,0.65396,12
1.2167,0.36192,3
0.29677,0.71121,7
0.58641,0.57542,8
4.1246,0.33365,5
1.2277,0.53141,9
8.5547,0.60172,12
1.0295,0.58246,9
3.3733,0.32106,5
4.4659,0.74878,11
4.154,0.59643,11
4.1178,0.69366,11
4.2922,0.70976,11
3.9633,0.65591,11
4.2602,0.35924,5
2.2239,0.6199,10
3.98,0.62406,11
8.1095,0.65361,12
4.2473,0.36192,5
4.8195,0.60794,11
3.6183,0.32001,5
0.55395,0.64401,8
7.982,0.30924,6
4.4504,0.28608,5
7.4213,0.32945,6
8.2862,0.27813,6
4.3664,0.78497,11
2.0884,0.37381,4
0.3783,0.7104,7
4.6606,0.35775,5
4.1435,0.3332,5
2.1617,0.67943,10
4.2044,0.3087,5
3.9761,0.59858,11
4.4456,0.38053,5
4.1612,0.51898,11
7.5045,0.65827,12
8.2995,0.35266,6
9.3517,0.66621,12
7.9118,0.55796,12
7.8956,0.68117,12
7.5946,0.35201,6
1.1422,0.34327,3
0.56733,0.61695,8
8.0708,0.39086,6
7.3104,0.55654,12
3.7535,0.71554,11
7.1299,0.54678,12
0.57196,0.38935,2
7.494,0.65747,12
8.297,0.6905,12
4.4217,0.3223,5
2.4856,0.6578,10
8.5936,0.67145,12
0.61205,0.29865,2
7.5228,0.57374,12
8.5996,0.36598,6
9.0549,0.62694,12
8.6874,0.62651,12
7.1393,0.67949,12
0.35678,0.59678,7
7.26,0.58146,12
8.5456,0.29339,6
8.5565,0.36421,6
4.7805,0.37762,5
6.9097,0.58928,12
0.66762,0.60097,8
1.0608,0.34992,3
9.6994,0.59657,12
1.2982,0.33546,3
4.157,0.34071,5
4.3519,0.60669,11
4.1407,0.30475,5
4.3131,0.58323,11
8.4474,0.36663,6
0.60076,0.62403,8
8.2024,0.64316,12
7.8523,0.37441,6
2.0739,0.59069,10
0.67069,0.61299,8
6.973,0.69494,12
7.5191,0.55074,12
0.94972,0.63361,9
6.6249,0.3042,6
7.4466,0.58687,12
4.4502,0.33069,5
1.2107,0.54798,9
9.1535,0.34121,6
0.30845,0.29533,1
0.67503,0.60967,8
4.0768,0.73406,11
2.1645,0.3468,4
2.2524,0.62547,10
0.63503,0.32713,2
6.7845,0.65321,12
4.1662,0.76245,11
2.3114,0.64668,10
7.9469,0.29828,6
1.3547,0.58107,9
8.6823,0.62385,12
1.2505,0.77736,9
6.897,0.3298,6
7.4028,0.64629,12
8.4859,0.63069,12
2.7685,0.60362,10
6.3834,0.34002,6
4.3306,0.32444,5
4.4024,0.59107,11
1.215,0.62841,9
7.7426,0.36028,6
8.7922,0.73028,12
2.5059,0.57282,10
8.0606,0.40065,6
0.51539,0.63414,8
7.7037,0.59806,12
7.4919,0.80882,12
7.1418,0.39657,6
7.6217,0.31553,6
4.2326,0.58786,11
6.693,0.34149,6
7.6308,0.37922,6
7.3936,0.71945,12
3.8809,0.63323,11
7.7226,0.38418,6
2.1759,0.58309,10
1.1492,0.32361,3
4.1019,0.49759,11
1.3243,0.68453,9
3.8429,0.34864,5
7.174,0.64643,12
7.6707,0.59724,12
7.2428,0.6771,12
2.4425,0.66095,10
3.7256,0.32365,5
2.2867,0.61971,10
3.7068,0.32006,5
7.3637,0.79431,12
7.581,0.59555,12
8.7301,0.6809,12
2.2513,0.52939,10
8.7824,0.31272,6
4.1188,0.25978,5
2.238,0.71555,10
8.0608,0.33758,6
8.2188,0.35466,6
7.185,0.72492,12
1.1902,0.68777,9
8.5748,0.61756,12
1.0989,0.35232,3
0.62124,0.33412,2
8.5724,0.35892,6
7.6925,0.64964,12
9.4171,0.34151,6
8.7156,0.34341,6
2.3564,0.37141,4
8.1401,0.7318,12
4.3903,0.61704,11
7.9246,0.61619,12
7.0874,0.55997,12
7.4955,0.64352,12
3.9647,0.62775,11
4.7167,0.59188,11
3.7766,0.26971,5
7.8383,0.31211,6
9.1036,0.65324,12
4.2135,0.326,5
0.33687,0.54663,7
4.0931,0.58117,11
0.64344,0.57403,8
0.65454,0.32021,2
4.18,0.58296,11
7.6452,0.59024,12
0.67112,0.55534,8
9.0521,0.33702,6
7.5181,0.34598,6
6.888,0.61698,12
8.2519,0.58088,12
