1.9214,0.5737,10
7.3404,0.74145,12
1.1449,0.5652,9
9.9209,0.62095,12
7.8775,0.61836,12
4.1391,0.54432,11
8.9593,0.66614,12
7.312,0.64587,12
7.9073,0.40081,6
4.5654,0.47235,11
6.3582,0.4348,6
8.9127,0.55358,12
8.039,0.60018,12
4.0743,0.60563,11
2.2848,0.29605,4
4.46,0.7303,11
3.8446,0.54359,11
4.0903,0.61541,11
2.237,0.31739,4
0.60693,0.32399,2
7.0216,0.37039,6
7.6168,0.67558,12
4.0144,0.60706,11
1.2227,0.37206,3
2.3748,0.76951,10
6.9969,0.26279,6
3.5338,0.3082,5
3.7115,0.70817,11
7.6489,0.56711,12
7.7441,0.56593,12
2.13,0.70074,10
7.0507,0.57888,12
3.2292,0.33063,5
8.7459,0.72804,12
0.35903,0.58201,7
2.2047,0.36403,4
4.098,0.70567,11
6.5196,0.6003,12
8.7476,0.29211,6
6.9978,0.79004,12
2.174,0.54602,10
1.9675,0.31466,4
4.4451,0.62578,11
1.4797,0.58533,9
8.0292,0.78273,12
3.8975,0.34663,5
6.3563,0.36244,6
2.6739,0.62668,10
3.5003,0.35705,5
6.5828,0.59304,12
8.425,0.32662,6
0.66427,0.70137,8
8.0803,0.7992,12
4.3352,0.6991,11
4.643,0.28884,5
5.9761,0.37064,6
3.5771,0.31834,5
8.045,0.30193,6
4.6149,0.59369,11
0.60439,0.30407,2
9.4247,0.64545,12
8.0786,0.44252,6
7.1908,0.33118,6
2.7321,0.34588,4
3.8711,0.4906,11
0.41183,0.29539,1
6.5288,0.59209,12
7.7252,0.27081,6
7.3097,0.26681,6
4.2293,0.55506,11
1.3075,0.61923,9
5.6009,0.64933,11
7.4062,0.56831,12
7.0819,0.33261,6
4.7154,0.59311,11
0.73734,0.35606,2
8.4335,0.6801,12
9.1599,0.64233,12
7.4102,0.6674,12
1.3966,0.66213,9
7.6544,0.64554,12
8.0196,0.52421,12
9.6314,0.6613,12
8.6821,0.5375,12
1.2884,0.38463,3
3.588,0.68486,11
8.4357,0.37595,6
7.2847,0.64089,12
4.0637,0.46397,11
7.1484,0.3007,6
8.454,0.65893,12
8.5972,0.61523,12
7.9434,0.72703,12
3.0329,0.74011,11
3.9669,0.57309,11
7.4165,0.69029,12
4.2583,0.28186,5
4.1667,0.59722,11
7.2931,0.40073,6
3.6527,0.63324,11
6.8732,0.67693,12
4.0702,0.63119,11
8.3849,0.73589,12
7.7416,0.5115,12
4.6429,0.69148,11
1.8947,0.6288,10
2.1895,0.35867,4
7.2099,0.42494,6
3.8993,0.33191,5
8.1541,0.37235,6
4.3663,0.41253,5
4.4908,0.31467,5
8.3554,0.60918,12
7.0177,0.43239,6
2.4756,0.63322,10
4.2725,0.65105,11
0.70168,0.45191,2
7.715,0.5107,12
8.0249,0.67104,12
5.8514,0.52163,12
0.3446,0.41159,1
3.9947,0.67799,11
6.5414,0.64795,12
2.1463,0.60234,10
9.0961,0.49419,12
2.3072,0.36427,4
7.732,0.33116,6
8.7429,0.6349,12
6.0851,0.60732,12
9.601,0.62527,12
7.3975,0.71035,12
6.5729,0.69868,12
7.2922,0.73551,12
8.3079,0.60281,12
6.6972,0.61521,12
2.2678,0.55278,10
8.4091,0.34193,6
9.1366,0.68683,12
9.0896,0.65795,12
6.5666,0.66214,12
7.1365,0.63714,12
7.4116,0.26327,6
8.2244,0.31928,6
4.8841,0.54768,11
7.6766,0.65113,12
8.57,0.34898,6
6.6453,0.32423,6
5.3408,0.60903,11
7.141,0.54996,12
3.6397,0.62676,11
6.9779,0.67284,12
4.9128,0.62989,11
8.1558,0.5542,12
4.3082,0.62566,11
7.6409,0.66661,12
7.747,0.75719,12
8.6349,0.65972,12
0.31737,0.72244,7
8.617,0.28065,6
7.7312,0.31721,6
1.2484,0.54311,9
6.4707,0.36933,6
8.4165,0.74078,12
4.5256,0.37805,5
9.2529,0.67013,12
2.3112,0.55492,10
8.1365,0.69241,12
4.5757,0.61258,11
2.3711,0.68231,10
2.706,0.4985,10
0.93364,0.32185,3
8.9554,0.3579,6
7.4637,0.56033,12
4.519,0.75099,11
7.7458,0.58438,12
2.2618,0.62229,10
1.2868,0.71465,9
2.2047,0.5989,10
6.7542,0.57346,12
8.1758,0.61639,12
4.383,0.36072,5
9.4718,0.58629,12
8.3164,0.68216,12
1.2392,0.33752,3
0.32735,0.61615,7
7.3294,0.62879,12
8.5021,0.80211,12
7.13,0.64105,12
4.0508,0.59817,11
8.2422,0.78973,12
3.7568,0.77885,11
8.1032,0.54601,12
8.1776,0.35211,6
0.62967,0.30261,2
8.5493,0.32826,6
4.441,0.42356,5
2.5835,0.28909,4
9.573,0.68738,12
7.524,0.26419,6
0.54195,0.36243,2
0.70922,0.67004,8
4.9093,0.71771,11
0.30767,0.38623,1
7.4153,0.64176,12
1.2491,0.61595,9
5.0195,0.59328,11
3.8679,0.70103,11
4.0391,0.29213,5
4.1594,0.55671,11
9.1307,0.41056,6
1.3907,0.45089,3
0.37503,0.3675,1
8.6726,0.59446,12
0.73804,0.62523,8
4.5599,0.76229,11
0.27897,0.77002,7
6.54,0.68162,12
7.1866,0.80502,12
2.2657,0.32406,4
8.3305,0.32947,6
3.9367,0.60111,11
0.70158,0.39618,2
7.9664,0.55023,12
1.0733,0.60985,9
7.3258,0.61456,12
8.1375,0.52826,12
6.096,0.32592,6
4.3471,0.33991,5
0.6121,0.62242,8
4.1565,0.60547,11
0.98499,0.71095,9
6.9417,0.61557,12
2.0132,0.4,4
6.9349,0.61691,12
1.1189,0.34267,3
8.6041,0.37503,6
6.9838,0.65469,12
3.9256,0.68723,11
8.8105,0.67772,12
2.3496,0.38698,4
8.0521,0.55644,12
7.6076,0.64425,12
4.4892,0.2534,5
6.5492,0.29958,6
8.8819,0.70949,12
7.6431,0.53713,12
7.8406,0.66568,12
7.1869,0.39303,6
8.6218,0.64726,12
2.3093,0.29887,4
4.3587,0.66992,11
6.9906,0.65692,12
4.5534,0.53718,11
1.9377,0.66104,10
7.7609,0.59634,12
4.6613,0.2824,5
3.7376,0.78595,11
3.8026,0.314,5
0.9995,0.58333,9
6.6931,0.32414,6
2.6303,0.52786,10
6.8738,0.55758,12
8.7882,0.65305,12
1.4853,0.28431,3
1.3394,0.35797,3
1.1013,0.41302,3
1.96,0.31746,4
4.6553,0.68163,11
6.2378,0.65646,12
4.2079,0.80072,11
4.2454,0.49615,11
4.4133,0.54118,11
7.4526,0.61443,12
0.29128,0.63808,7
2.4674,0.73489,10
0.37097,0.50618,7
2.5904,0.31243,4
9.5471,0.63338,12
7.2044,0.73053,12
1.1774,0.39493,3
3.5829,0.6809,11
1.0184,0.51419,9
6.8634,0.63862,12
0.66986,0.64669,8
3.8323,0.73278,11
9.1446,0.50074,12
5.2248,0.34049,5
7.6563,0.76101,12
9.6526,0.31479,6
8.0117,0.61759,12
2.113,0.4919,10
7.47,0.66249,12
8.1994,0.33798,6
9.6018,0.576,12
7.7042,0.59822,12
8.8356,0.54739,12
6.1318,0.51132,12
3.7366,0.578,11
9.7083,0.36096,6
2.2612,0.59764,10
7.0865,0.54595,12
7.0302,0.62616,12
7.8562,0.73294,12
8.1973,0.63855,12
3.4936,0.51645,11
4.9606,0.61035,11
2.0417,0.80468,10
4.9307,0.29233,5
1.1205,0.73956,9
4.4694,0.71491,11
2.1415,0.72506,10
7.1992,0.78888,12
7.0412,0.74975,12
1.7666,0.64361,10
7.8779,0.57053,12
6.3018,0.6316,12
7.8878,0.74547,12
3.8016,0.53578,11
9.5123,0.33835,6
0.64509,0.54474,8
6.2003,0.71282,12
1.0701,0.42855,3
6.3899,0.33324,6
1.2535,0.53683,9
8.3196,0.67608,12
4.7311,0.71103,11
1.0608,0.55603,9
4.796,0.3451,5
2.0037,0.65794,10
7.9707,0.46499,12
4.4833,0.25866,5
2.0915,0.63788,10
1.2166,0.59078,9
7.9489,0.69937,12
2.0259,0.80396,10
8.0807,0.59112,12
0.62548,0.74466,8
7.4718,0.7233,12
8.3042,0.30522,6
7.3859,0.58815,12
6.8633,0.48819,12
2.3592,0.41926,4
4.4662,0.55896,11
1.9973,0.64381,10
6.983,0.53529,12
2.3208,0.28373,4
2.0526,0.58687,10
4.3456,0.81188,11
6.8278,0.3345,6
6.73,0.5632,12
2.7774,0.67241,10
8.7947,0.73563,12
4.3991,0.64947,11
4.1222,0.61665,11
2.265,0.5622,10
8.7362,0.6092,12
8.1405,0.5917,12
6.9997,0.58051,12
2.6777,0.6719,10
0.55499,0.56722,8
6.238,0.73987,12
2.9624,0.3045,4
8.2674,0.65474,12
3.9877,0.5839,11
2.6548,0.64894,10
1.2464,0.58173,9
7.1883,0.40279,6
4.4332,0.62341,11
3.3239,0.35335,5
8.3661,0.32393,6
4.8009,0.66964,11
2.053,0.26291,4
9.1728,0.57128,12
2.4153,0.66766,10
7.3951,0.28859,6
4.4028,0.61642,11
8.0844,0.64591,12
0.84423,0.54839,8
0.31568,0.7382,7
8.1996,0.33466,6
0.2707,0.63967,7
4.522,0.60481,11
2.5889,0.65726,10
0.61828,0.71281,8
2.028,0.40369,4
7.9858,0.39481,6
7.6909,0.32756,6
0.57326,0.28747,2
9.943,0.34728,6
9.5166,0.34127,6
0.41066,0.73841,7
0.37135,0.3802,1
0.66826,0.74788,8
7.1426,0.75002,12
7.8821,0.29566,6
7.5776,0.43381,6
7.1468,0.378,6
3.7645,0.36256,5
0.32601,0.28113,1
1.9118,0.34435,4
7.3801,0.52308,12
3.5721,0.59076,11
7.3505,0.61177,12
3.9446,0.67278,11
3.9323,0.52511,11
7.8383,0.35514,6
9.3527,0.62346,12
4.0739,0.6132,11
7.2515,0.68413,12
4.9851,0.6038,11
7.6845,0.33591,6
8.0549,0.35442,6
2.1649,0.75597,10
4.397,0.49431,11
3.9817,0.3908,5
4.9818,0.51181,11
6.913,0.73443,12
7.5913,0.52195,12
7.3239,0.75247,12
8.4218,0.55174,12
4.4779,0.59636,11
8.3488,0.50482,12
9.4053,0.35618,6
7.3348,0.74221,12
2.3,0.33139,4
9.1789,0.31214,6
8.7634,0.61599,12
5.854,0.66851,12
0.68669,0.68671,8
8.0698,0.47249,12
6.8466,0.29105,6
2.3911,0.62654,10
2.5428,0.35234,4
0.77865,0.63184,8
1.8265,0.63957,10
4.5449,0.29996,5
8.3834,0.74722,12
2.3749,0.5099,10
3.4828,0.72618,11
4.1405,0.64197,11
0.64895,0.38994,2
7.7344,0.71834,12
3.6371,0.68055,11
8.0484,0.3904,6
3.7692,0.63122,11
2.1082,0.38496,4
3.052,0.30372,5
8.7841,0.6482,12
4.09,0.6115,11
3.7278,0.31195,5
5.4285,0.56982,11
6.8797,0.37905,6
8.4478,0.60971,12
1.9927,0.43364,4
9.5205,0.62689,12
3.646,0.56755,11
3.7255,0.67361,11
0.67515,0.28864,2
7.3364,0.43381,6
1.1482,0.54144,9
6.8844,0.65315,12
0.57621,0.64511,8
1.82,0.32843,4
8.0266,0.52491,12
7.5053,0.5304,12
4.7554,0.59979,11
1.3762,0.66246,9
4.3645,0.39902,5
8.1425,0.62495,12
3.7273,0.33941,5
2.2924,0.55062,10
7.8462,0.56591,12
0.53827,0.56955,8
9.1869,0.60967,12
6.4431,0.32226,6
7.8325,0.63592,12
7.0609,0.26717,6
0.38675,0.69963,7
7.492,0.68577,12
8.4669,0.30302,6
1.5443,0.65267,9
7.4303,0.3463,6
4.7059,0.44554,5
2.4846,0.69855,10
4.1285,0.5248,11
1.2421,0.34249,3
2.233,0.38667,4
7.6895,0.4972,12
8.0888,0.67256,12
2.7594,0.64014,10
9.7132,0.66923,12
7.9595,0.32075,6
3.9647,0.66503,11
0.63519,0.52281,8
5.3622,0.60919,11
7.1274,0.59082,12
7.2511,0.61962,12
1.2863,0.7632,9
1.034,0.65928,9
2.5425,0.60745,10
3.6175,0.62989,11
6.8464,0.32994,6
8.1474,0.68524,12
6.7332,0.34933,6
0.60221,0.66743,8
4.0929,0.5827,11
3.8524,0.5897,11
6.9302,0.67925,12
3.7944,0.53165,11
4.186,0.30267,5
7.767,0.56628,12
7.9838,0.3438,6
7.2909,0.26462,6
6.8691,0.37466,6
7.893,0.79138,12
2.4924,0.67728,10
6.2125,0.60755,12
7.7565,0.70808,12
9.2425,0.51874,12
1.9557,0.67766,10
4.8469,0.52576,11
0.83032,0.35144,2
9.7268,0.57966,12
8.8987,0.5457,12
3.6244,0.7057,11
8.3569,0.68224,12
0.65195,0.30442,2
7.4936,0.65251,12
7.773,0.41136,6
7.6623,0.70193,12
4.4284,0.38056,5
1.1233,0.62299,9
8.7044,0.63963,12
6.4328,0.63887,12
0.40339,0.66733,7
7.9524,0.50203,12
7.7912,0.54514,12
6.59,0.49831,12
1.1117,0.26111,3
3.6913,0.34896,5
1.1822,0.7059,9
6.0171,0.57481,12
1.2363,0.76549,9
2.2263,0.68299,10
3.8767,0.59483,11
3.8573,0.31335,5
4.1541,0.53479,11
2.5027,0.64503,10
8.9795,0.5838,12
8.7569,0.30033,6
2.1563,0.32008,4
2.2035,0.65954,10
7.4883,0.63227,12
4.5414,0.34466,5
3.2922,0.29146,5
6.3125,0.3951,6
8.226,0.66353,12
2.5667,0.26205,4
6.1097,0.60247,12
1.1342,0.46007,9
7.9847,0.30825,6
7.6058,0.61004,12
1.8882,0.28577,4
7.1667,0.35676,6
2.3473,0.5547,10
4.1643,0.70213,11
2.6929,0.61573,10
7.3913,0.67066,12
8.3464,0.63169,12
8.979,0.72037,12
1.2537,0.30709,3
2.0345,0.38708,4
3.8182,0.55206,11
2.4705,0.58778,10
1.0318,0.34813,3
3.5669,0.43927,5
7.9637,0.64428,12
3.8355,0.60849,11
9.8615,0.63924,12
4.9885,0.77527,11
1.2855,0.29142,3
6.9039,0.68566,12
1.1379,0.48146,9
2.7223,0.69347,10
9.8786,0.64332,12
8.1491,0.30236,6
0.55,0.7569,8
4.1902,0.67884,11
0.57866,0.35949,2
6.8577,0.7795,12
5.1214,0.68195,11
2.1109,0.36767,4
5.8528,0.55298,12
0.56186,0.3092,2
1.24,0.42569,3
3.4788,0.67195,11
1.299,0.33239,3
8.1074,0.59287,12
0.99302,0.32225,3
1.886,0.57209,10
0.37395,0.6703,7
3.9699,0.56148,11
2.4517,0.60838,10
7.4266,0.66592,12
8.9634,0.73179,12
8.1635,0.39557,6
4.9232,0.32342,5
6.6354,0.63965,12
2.9714,0.61636,10
7.2182,0.51541,12
9.2606,0.68583,12
2.6007,0.55658,10
7.1143,0.62784,12
5.8506,0.7495,12
2.3748,0.3554,4
7.7764,0.35257,6
2.2124,0.62777,10
7.3658,0.61909,12
4.3949,0.33892,5
3.5706,0.64703,11
8.1193,0.56362,12
6.7326,0.51604,12
4.2754,0.35013,5
3.9307,0.63522,11
0.58541,0.66977,8
4.4547,0.74719,11
7.7178,0.53507,12
0.61237,0.62025,8
7.3864,0.59377,12
4.069,0.74159,11
7.2354,0.6323,12
8.3046,0.59446,12
7.4238,0.74751,12
2.1429,0.59708,10
8.824,0.58934,12
7.6035,0.60803,12
9.8653,0.60258,12
0.32946,0.28357,1
1.8689,0.34009,4
8.5788,0.79717,12
8.4641,0.29535,6
7.4595,0.34862,6
5.2159,0.63531,11
7.8715,0.68169,12
2.4598,0.58855,10
8.1448,0.59622,12
3.9164,0.74024,11
4.444,0.78459,11
8.4578,0.70127,12
4.2415,0.36886,5
0.29336,0.65117,7
2.4216,0.57946,10
2.4705,0.38255,4
3.6871,0.30509,5
4.0415,0.59852,11
3.6061,0.61213,11
4.3655,0.41106,5
7.4338,0.78614,12
2.8215,0.32421,4
7.9834,0.53476,12
6.5069,0.5683,12
0.34818,0.69368,7
9.7117,0.33883,6
8.0201,0.68986,12
8.0629,0.73417,12
7.7882,0.58847,12
7.8163,0.31581,6
3.4532,0.61389,11
1.1351,0.74786,9
8.4848,0.70557,12
8.7521,0.59491,12
9.1883,0.58366,12
2.6255,0.62376,10
5.2575,0.35241,5
8.2656,0.39992,6
6.3878,0.55752,12
4.685,0.32375,5
7.8548,0.33739,6
6.8309,0.60628,12
2.4109,0.76884,10
4.6398,0.33151,5
8.1383,0.60536,12
3.9519,0.56284,11
9.9196,0.6064,12
3.5868,0.53536,11
7.2995,0.46132,12
7.6993,0.53281,12
0.67847,0.5257,8
7.6773,0.70425,12
0.4968,0.57629,8
2.2247,0.52654,10
3.2788,0.31174,5
2.6605,0.70273,10
2.1964,0.38056,4
7.9109,0.61815,12
4.2724,0.6812,11
7.6388,0.64116,12
8.4332,0.35785,6
7.9286,0.25166,6
7.0232,0.61458,12
8.9271,0.64957,12
3.5169,0.29764,5
3.5678,0.35183,5
1.1465,0.68523,9
4.0806,0.75584,11
3.9682,0.70648,11
7.932,0.81791,12
2.167,0.46856,10
0.35339,0.34672,1
2.3265,0.31534,4
4.4639,0.68618,11
7.5555,0.54871,12
7.0102,0.74044,12
8.1632,0.62742,12
7.542,0.70099,12
5.1644,0.57144,11
2.8288,0.60092,10
8.6281,0.66442,12
4.0201,0.35944,5
5.2382,0.59516,11
4.9427,0.70065,11
0.6223,0.35307,2
2.6798,0.36226,4
7.6863,0.66359,12
0.34409,0.62287,7
2.7044,0.64301,10
4.1986,0.31386,5
4.7562,0.33901,5
0.59094,0.63981,8
3.4857,0.58492,11
9.8001,0.36591,6
1.275,0.40591,3
1.2143,0.70132,9
0.67053,0.39217,2
2.461,0.34805,4
0.67419,0.59668,8
6.9534,0.416,6
2.3404,0.37086,4
2.3926,0.71327,10
7.839,0.29075,6
0.42889,0.53179,7
6.9521,0.32148,6
1.2499,0.74076,9
4.1263,0.55877,11
4.1054,0.63512,11
7.586,0.75157,12
1.2991,0.33716,3
9.9207,0.35136,6
5.4028,0.71527,11
4.3837,0.61136,11
0.30125,0.76775,7
6.3226,0.69622,12
4.2061,0.34435,5
7.2014,0.5578,12
4.4444,0.71638,11
6.7204,0.67013,12
3.794,0.81477,11
8.4183,0.72501,12
8.4661,0.31031,6
5.351,0.30617,5
4.8985,0.57937,11
7.3718,0.5147,12
8.1097,0.34589,6
1.5149,0.60312,9
7.6091,0.49867,12
2.669,0.30242,4
2.2071,0.77758,10
0.62988,0.67683,8
2.3314,0.80959,10
8.1287,0.29775,6
6.494,0.64715,12
8.2221,0.41686,6
2.0855,0.36015,4
3.9355,0.72142,11
7.359,0.73083,12
0.64433,0.78672,8
4.149,0.408,5
7.9622,0.52737,12
9.6821,0.59444,12
5.2136,0.3038,5
2.1998,0.35966,4
1.8215,0.50186,10
4.5319,0.80395,11
6.1652,0.52542,12
6.9633,0.5493,12
4.8975,0.8174,11
8.9837,0.57921,12
0.93262,0.55952,9
7.0118,0.67081,12
2.3161,0.35797,4
7.1175,0.30741,6
4.3437,0.68596,11
0.66989,0.42593,2
8.2698,0.36796,6
5.2652,0.34565,5
2.0679,0.511,10
0.65258,0.45669,2
6.8483,0.74523,12
6.1236,0.6303,12
7.802,0.26093,6
7.0029,0.4339,6
0.72998,0.66481,8
7.5956,0.74077,12
0.78301,0.31922,2
8.3526,0.51726,12
6.9674,0.54656,12
8.2962,0.56372,12
8.3337,0.3048,6
3.733,0.68628,11
5.2542,0.6824,11
3.9884,0.4561,5
7.2818,0.3226,6
3.7701,0.3257,5
3.8577,0.72482,11
7.7765,0.53386,12
2.1184,0.63808,10
8.1898,0.34128,6
2.4448,0.6445,10
0.7385,0.70358,8
9.8305,0.34548,6
8.5561,0.70097,12
4.7104,0.36294,5
9.0437,0.70538,12
3.0878,0.35766,5
7.3758,0.36192,6
4.9817,0.31136,5
0.58641,0.57542,8
2.0751,0.64176,10
1.2277,0.53141,9
8.5547,0.60172,12
1.0295,0.58246,9
3.3733,0.32106,5
9.372,0.56632,12
4.154,0.59643,11
4.3242,0.69366,11
8.0625,0.77266,12
6.9629,0.56866,12
1.2371,0.35924,3
9.6145,0.6199,12
3.98,0.62406,11
6.4671,0.74954,12
4.2473,0.36192,5
4.8195,0.6538,11
3.6183,0.54042,11
9.0376,0.64401,12
7.982,0.30924,6
5.2223,0.61714,11
4.4239,0.36963,5
3.3089,0.66807,11
8.782,0.39525,6
4.3856,0.39889,5
0.3783,0.7104,7
1.6803,0.71656,10
4.1435,0.3332,5
2.1617,0.67943,10
4.2044,0.3087,5
7.9855,0.59858,12
4.4456,0.38053,5
4.1612,0.51898,11
7.5045,0.65827,12
7.7021,0.37851,6
9.3517,0.66621,12
4.1304,0.25256,5
8.8386,0.64409,12
2.3499,0.58435,10
1.1422,0.34327,3
0.56733,0.61695,8
5.6384,0.72342,11
7.0007,0.70508,12
3.7535,0.71554,11
7.1299,0.54678,12
1.5879,0.31784,3
6.8282,0.67574,12
8.297,0.6905,12
4.4217,0.3223,5
2.4856,0.6578,10
8.5936,0.67145,12
0.61205,0.29865,2
9.2603,0.57374,12
8.5996,0.36598,6
8.9586,0.27826,6
8.6874,0.78017,12
5.5312,0.32435,5
6.7246,0.33367,6
7.26,0.58146,12
4.9758,0.29339,5
0.7127,0.68462,8
4.7805,0.37762,5
4.7503,0.61927,11
0.66762,0.60097,8
3.7759,0.73956,11
9.6994,0.59657,12
1.2982,0.33546,3
4.157,0.34071,5
4.8278,0.51856,11
4.0983,0.69546,11
4.0183,0.49945,11
8.4474,0.36663,6
0.60076,0.62403,8
1.2276,0.29928,3
7.8523,0.37441,6
0.5677,0.59069,8
0.67069,0.61299,8
6.973,0.69494,12
7.5191,0.55074,12
4.1645,0.77822,11
6.6249,0.3042,6
7.0738,0.66449,12
4.4502,0.33069,5
0.37919,0.28402,1
9.1535,0.34121,6
4.1606,0.79169,11
0.67503,0.60967,8
4.0768,0.73406,11
8.7934,0.6667,12
3.7256,0.29594,5
0.63503,0.32713,2
6.7845,0.65321,12
4.1662,0.76245,11
5.0858,0.70855,11
7.9469,0.37663,6
1.3547,0.58107,9
8.6823,0.62385,12
7.3605,0.46473,12
9.4201,0.28583,6
9.5414,0.64629,12
8.6835,0.5883,12
6.1294,0.35406,6
6.3834,0.34002,6
2.0421,0.45994,4
8.481,0.64227,12
4.2733,0.55551,11
7.7426,0.36028,6
0.77087,0.55826,8
2.5059,0.57282,10
8.8609,0.72867,12
4.3463,0.8151,11
7.7037,0.59806,12
4.8741,0.27418,5
4.6664,0.76006,11
7.6217,0.31553,6
4.2326,0.58786,11
6.8669,0.36291,6
4.6681,0.70231,11
7.3936,0.71945,12
9.5583,0.57624,12
9.4253,0.70626,12
9.7004,0.58309,12
8.128,0.65475,12
1.84,0.27271,4
7.5105,0.7433,12
3.8429,0.34864,5
3.1729,0.72445,11
1.0737,0.6506,9
7.2428,0.6771,12
2.7578,0.30162,4
3.7256,0.32365,5
1.8427,0.57211,10
8.1359,0.27952,6
9.9748,0.79431,12
7.581,0.59555,12
8.7301,0.6809,12
2.2513,0.27171,4
4.0969,0.81871,11
4.1188,0.25978,5
4.3386,0.52576,11
8.0608,0.69369,12
8.2188,0.35466,6
7.185,0.72492,12
4.0464,0.55316,11
8.5748,0.61756,12
8.8749,0.65865,12
2.4865,0.31925,4
8.5724,0.35892,6
8.6716,0.79284,12
9.4171,0.34151,6
8.7156,0.34341,6
2.3564,0.37141,4
5.1038,0.3503,5
5.728,0.6785,11
9.4321,0.3163,6
0.35091,0.48581,7
0.3936,0.40718,1
8.6879,0.74925,12
4.7167,0.59188,11
3.7766,0.26971,5
4.7801,0.30613,5
9.1036,0.65324,12
4.2135,0.326,5
7.0698,0.54663,12
3.876,0.58117,11
0.64344,0.57403,8
0.65454,0.32021,2
6.7098,0.54751,12
9.1333,0.6007,12
9.5081,0.67113,12
9.0521,0.33702,6
7.5181,0.34598,6
6.888,0.61698,12
8.2519,0.58088,12
