0.59172,0.60984
7.3404,0.676
2.0891,0.67088
8.3962,0.68565
7.8775,0.61836
4.218,0.56789
4.5375,0.64171
7.312,0.64587
7.3838,0.61503
2.0863,0.59904
7.1282,0.31849
8.9286,0.33068
8.039,0.60018
4.0743,0.60563
4.5491,0.33799
2.0236,0.3642
6.606,0.64616
4.0903,0.61541
2.237,0.31739
0.60693,0.32399
6.9126,0.3393
7.6168,0.67558
4.0144,0.60706
8.3178,0.33442
4.3133,0.59433
4.4436,0.59098
7.3175,0.33658
4.2692,0.60343
7.6489,0.56711
7.5761,0.32371
2.13,0.70074
7.9724,0.59966
0.29302,0.63375
7.1986,0.72804
4.3545,0.3113
2.2047,0.36403
8.4377,0.32537
2.3043,0.29195
8.4407,0.29211
8.4865,0.51839
4.5906,0.34962
7.305,0.5936
4.4451,0.62578
7.6099,0.4999
0.58503,0.35493
2.211,0.6188
7.7447,0.60066
7.4812,0.66141
0.38797,0.31859
7.504,0.67615
7.5857,0.31223
0.66427,0.32408
1.1926,0.32128
7.8646,0.64879
7.8698,0.65833
3.9582,0.37064
3.5771,0.31834
8.045,0.589
8.3178,0.64889
0.60439,0.30407
3.8957,0.5892
8.0786,0.54531
7.1908,0.33118
2.3553,0.3557
7.9172,0.35672
8.3796,0.62293
4.3026,0.65493
7.7252,0.27081
6.9301,0.60416
1.2438,0.6499
1.3075,0.61923
1.2307,0.64933
4.3456,0.32551
7.0819,0.33261
7.3861,0.59311
6.9979,0.64253
8.4335,0.60728
2.0924,0.6929
7.4102,0.6674
8.0796,0.6476
7.6544,0.33966
7.3308,0.34401
4.0432,0.62533
1.9311,0.66258
8.5244,0.33182
7.4161,0.64178
3.8464,0.61976
7.2847,0.64089
8.1165,0.36547
7.0306,0.33477
1.1598,0.65893
7.6372,0.61523
1.1008,0.66291
8.2326,0.74064
7.2391,0.65992
4.1141,0.34009
3.7905,0.29782
4.1667,0.59722
7.2931,0.40073
3.6527,0.63324
4.7354,0.33887
4.0702,0.63119
8.3849,0.60346
7.7416,0.5115
7.1563,0.35256
8.1066,0.34569
2.1895,0.58823
8.785,0.60245
3.8993,0.33191
0.31966,0.62287
4.3663,0.41253
4.3765,0.31467
8.3554,0.60918
8.7947,0.55066
2.3405,0.65899
7.4724,0.65105
1.164,0.70216
4.5249,0.60418
8.0249,0.67104
7.6913,0.33368
0.62121,0.31011
3.9267,0.59908
2.2555,0.65107
2.1463,0.60234
4.0501,0.3057
7.3193,0.59177
7.732,0.33116
1.1734,0.6349
7.8918,0.65672
2.3257,0.3756
7.7342,0.62458
7.7599,0.59982
7.2922,0.69784
7.8264,0.67155
7.4352,0.64463
2.2678,0.61158
1.2242,0.32592
8.1267,0.36265
8.3045,0.33668
8.0666,0.3121
7.1365,0.63714
3.5798,0.65005
8.2244,0.31928
8.4191,0.54768
7.6766,0.62218
0.36967,0.61534
4.1004,0.65124
2.2947,0.30401
7.141,0.54996
3.6397,0.62676
2.1364,0.31579
6.9234,0.60225
8.1558,0.33354
4.3082,0.62566
7.6409,0.66661
8.4078,0.59075
8.1122,0.65972
7.8198,0.34716
7.4898,0.56452
7.7312,0.31721
4.313,0.69276
6.8825,0.33572
0.58359,0.63514
4.5598,0.3692
1.0455,0.58552
2.0212,0.61564
8.1365,0.69241
1.1044,0.31952
7.4127,0.59354
4.0594,0.70092
7.2576,0.33719
3.7294,0.6616
7.4637,0.56033
7.4041,0.36222
7.7458,0.65216
2.2618,0.62229
7.7074,0.63838
2.2047,0.5989
6.8757,0.61238
8.1758,0.61639
7.8483,0.33647
7.3578,0.33408
8.3164,0.68216
1.2392,0.33752
4.0454,0.6175
4.0858,0.63541
0.72939,0.32094
7.2134,0.32944
4.0508,0.59817
7.6711,0.29056
8.157,0.77885
4.4523,0.60877
7.8745,0.58425
0.62967,0.58526
7.2862,0.61556
7.6552,0.31945
0.67142,0.61664
8.9102,0.63905
4.1816,0.62214
3.912,0.70069
7.1032,0.67004
8.2407,0.33628
4.4882,0.64613
7.4153,0.64176
3.94,0.61481
7.8652,0.64756
7.6214,0.64291
7.7177,0.35711
4.1594,0.55671
8.841,0.64553
8.4365,0.68119
1.0913,0.56768
8.6726,0.59446
3.7478,0.62523
4.331,0.61396
1.1851,0.32029
2.0843,0.68162
7.5351,0.28395
2.2657,0.32406
7.3151,0.32947
3.9367,0.60111
4.0964,0.5832
7.9664,0.55023
1.0733,0.60985
1.137,0.61456
4.293,0.54115
7.5182,0.65832
4.3471,0.33991
0.6121,0.62242
4.1565,0.60547
0.63874,0.28961
6.9417,0.61557
4.1786,0.6163
0.35666,0.61691
4.2318,0.33808
8.6041,0.35206
2.207,0.59385
3.9256,0.68723
0.34949,0.62036
7.3845,0.70115
6.9806,0.33538
7.6076,0.64425
3.6276,0.33097
8.7399,0.66245
7.6659,0.70949
7.6431,0.53713
7.8406,0.66568
7.4823,0.61809
8.6218,0.64726
4.1624,0.68932
4.1711,0.59156
4.0202,0.65692
6.5862,0.6523
7.4649,0.70976
7.7609,0.59634
4.9405,0.34361
7.4582,0.36375
3.8026,0.314
7.658,0.58333
6.6931,0.32414
7.0589,0.34357
0.60483,0.64416
7.6428,0.33865
7.1275,0.35375
7.7198,0.35797
1.2412,0.33358
7.0224,0.31746
8.2464,0.3336
2.3,0.30896
8.8703,0.57486
7.4514,0.56559
7.7566,0.70398
7.7883,0.61443
0.32866,0.64464
0.28486,0.31279
6.8576,0.71214
7.8961,0.33008
4.1087,0.52977
1.1967,0.6297
8.393,0.38008
7.9598,0.38663
1.075,0.31702
7.4674,0.65292
4.2047,0.6363
2.1799,0.30958
3.6463,0.30315
7.6262,0.62461
7.6563,0.74081
7.8379,0.66933
8.0117,0.61759
2.3539,0.69182
7.47,0.66249
4.3474,0.33798
3.7934,0.61585
7.7042,0.59822
8.5848,0.35799
7.247,0.65275
3.7366,0.31539
1.1535,0.80943
2.2612,0.59764
6.932,0.62051
7.575,0.32454
1.2343,0.32961
7.6347,0.62821
7.1825,0.33086
8.0602,0.58358
7.7354,0.58146
3.9131,0.75112
1.1205,0.73956
6.9734,0.65692
2.1415,0.72506
6.9218,0.34012
1.104,0.3311
6.7022,0.71115
2.2151,0.5994
8.4368,0.70275
8.0416,0.33536
2.0715,0.6703
7.7756,0.58793
4.0464,0.54474
7.4386,0.36083
7.3352,0.62241
1.1177,0.33324
7.8012,0.69831
8.3196,0.67608
7.4242,0.71103
2.4004,0.33494
7.6151,0.66856
4.0273,0.34528
7.9707,0.34342
2.3462,0.6155
2.0915,0.63788
1.2166,0.59078
8.2162,0.61353
7.9562,0.3454
8.0807,0.60564
4.1649,0.35434
7.32,0.33226
8.3042,0.30522
7.3859,0.58815
7.3533,0.55747
7.5606,0.6865
4.4662,0.55896
1.9973,0.64381
1.1065,0.31941
8.859,0.32585
4.0454,0.5978
0.35425,0.65401
4.0025,0.66198
0.62033,0.31996
8.5893,0.36622
8.5273,0.3148
4.3991,0.64947
4.1222,0.61665
2.265,0.5622
7.0884,0.33242
8.1405,0.63125
2.1522,0.61701
7.7104,0.32162
3.6906,0.62562
1.1328,0.65032
2.1435,0.35708
7.3985,0.33389
3.9877,0.5839
8.6071,0.33494
1.2464,0.58173
7.189,0.36041
4.4332,0.62341
4.6456,0.32496
2.0639,0.32393
2.0492,0.66964
1.1811,0.62345
7.3288,0.65095
2.4153,0.33746
7.524,0.35531
4.4028,0.61642
8.0844,0.64591
2.4042,0.63378
8.8758,0.30844
8.1996,0.33466
7.9364,0.5934
4.1805,0.60729
7.7475,0.60345
3.7028,0.334
7.5708,0.2774
7.3151,0.29191
7.6909,0.32756
0.57326,0.28747
1.1712,0.68161
3.7579,0.37276
7.1863,0.32869
1.1289,0.36945
3.6947,0.66909
4.5016,0.59547
8.2315,0.33038
7.5776,0.34195
7.4578,0.33989
3.7645,0.32305
0.32601,0.28113
2.2748,0.34435
0.33311,0.62727
2.3668,0.36733
7.3505,0.61177
3.9446,0.67278
7.3107,0.67403
1.1719,0.65304
6.937,0.62346
4.0739,0.6132
7.6679,0.60079
4.4887,0.63131
7.6845,0.33591
8.0549,0.35442
2.1649,0.75597
2.4534,0.58277
7.6175,0.7218
4.0701,0.65904
6.8591,0.69426
7.5913,0.52195
7.4166,0.3411
8.433,0.37533
4.4779,0.59636
1.2207,0.35393
6.9713,0.31779
7.9925,0.32782
7.8896,0.33139
3.9284,0.61142
7.2489,0.3332
8.1997,0.63532
4.3494,0.34025
0.32154,0.78866
6.8466,0.29105
2.3911,0.62654
2.5428,0.35234
7.904,0.68096
1.8265,0.63957
3.9836,0.37436
8.0542,0.63473
7.429,0.56729
1.1956,0.32747
4.1405,0.64197
7.8184,0.36562
7.7344,0.71834
7.7292,0.62417
7.7254,0.35352
4.1108,0.60839
2.1082,0.38496
1.0842,0.32878
7.899,0.34033
4.09,0.6115
0.588,0.33687
1.2006,0.62397
6.8797,0.37905
8.4478,0.60971
3.9113,0.639
7.6452,0.54825
4.2086,0.68522
8.3397,0.65336
4.2798,0.31811
4.9181,0.67898
8.6401,0.65102
4.0758,0.3664
0.57621,0.64511
3.9657,0.63412
4.2117,0.30117
3.914,0.38197
4.7554,0.59979
2.1145,0.64804
3.9487,0.29787
8.1425,0.62495
3.7273,0.33941
7.4049,0.6313
7.8462,0.56591
0.3249,0.58647
8.2803,0.60233
7.2749,0.35172
7.8325,0.63592
8.0595,0.30101
6.6958,0.60362
2.1959,0.3381
1.0526,0.65956
1.1505,0.34111
7.4303,0.3463
7.929,0.32432
0.55775,0.56961
4.3807,0.59105
1.2421,0.34249
8.1667,0.69602
7.4184,0.55559
8.0888,0.67256
7.5616,0.55989
7.4091,0.29302
7.9595,0.32075
3.9647,0.66503
7.3202,0.57305
7.6207,0.30727
7.1274,0.59082
7.865,0.32731
2.2366,0.63821
1.9313,0.62316
1.2559,0.60287
1.2072,0.60518
6.8464,0.32994
8.1474,0.68524
8.5395,0.34933
0.60221,0.66743
8.0035,0.34114
3.8524,0.5897
0.32351,0.67241
1.2796,0.34537
8.1648,0.65084
7.767,0.63696
7.9838,0.3438
7.2234,0.6084
8.0409,0.58165
7.1167,0.68433
2.4924,0.32856
4.3462,0.32604
7.7565,0.61557
1.1028,0.34931
7.1997,0.65283
7.4084,0.66564
0.64646,0.60849
7.8962,0.28725
0.63207,0.5457
2.3852,0.62585
2.3022,0.36651
8.318,0.63208
7.4936,0.63286
7.773,0.62079
7.6623,0.70193
1.9924,0.3563
1.1233,0.62299
8.7044,0.63963
9.1904,0.61523
7.3393,0.61594
3.639,0.63103
1.1686,0.58281
7.1178,0.3253
7.1021,0.61482
3.6913,0.34896
1.1822,0.7059
3.7736,0.6091
4.1712,0.62498
1.2238,0.59631
3.8767,0.59483
3.8573,0.31335
3.723,0.65099
8.4439,0.31694
2.184,0.60956
4.1554,0.74339
2.1563,0.32008
2.2035,0.65954
7.4883,0.63227
4.3227,0.30711
4.4711,0.32161
7.0638,0.65508
4.003,0.64363
7.5856,0.3519
8.3748,0.61645
7.7453,0.71779
7.9847,0.30825
7.6058,0.61004
7.5517,0.31538
7.1667,0.35676
4.7118,0.33285
4.1643,0.70213
1.1541,0.70276
7.1963,0.62029
7.6062,0.65217
7.1262,0.6219
1.2537,0.30709
7.2913,0.35729
3.8182,0.55206
2.3338,0.58778
7.7068,0.58892
7.9878,0.61193
7.9637,0.64428
7.7697,0.60849
7.788,0.59245
8.4692,0.34763
1.1969,0.29142
0.61746,0.71148
7.7317,0.27639
8.9297,0.59673
9.1533,0.55143
8.1491,0.59171
3.6412,0.33196
4.1902,0.67884
0.57866,0.35949
6.8577,0.66806
4.1052,0.33801
2.0264,0.6384
4.3688,0.59592
8.6378,0.32137
7.8568,0.58214
4.3869,0.61275
1.299,0.33239
8.1074,0.59287
2.204,0.71242
7.7083,0.64596
1.2021,0.61998
3.9699,0.56148
7.9288,0.63638
7.4266,0.65914
4.3729,0.59832
7.4637,0.71056
7.4837,0.65909
8.3962,0.29772
7.8229,0.59769
6.7178,0.55778
4.3846,0.31384
7.211,0.32692
7.1143,0.62784
7.4159,0.60441
2.3748,0.3554
7.7764,0.35257
2.2124,0.62777
7.3658,0.61909
4.3949,0.33892
3.5706,0.64703
7.3299,0.56362
4.3677,0.58092
2.1107,0.63585
3.9307,0.63522
4.4205,0.31812
2.5481,0.34195
7.7178,0.57987
0.61237,0.62025
7.3864,0.59377
1.0543,0.34429
7.2354,0.6323
8.3046,0.59446
1.1113,0.55522
2.1429,0.59708
7.4892,0.57899
7.6035,0.60803
8.6923,0.34136
4.0663,0.69338
7.7181,0.31946
7.2944,0.62318
7.7285,0.60242
7.4595,0.34862
8.26,0.67688
4.1348,0.34082
1.1641,0.58855
8.1066,0.59622
6.4984,0.63991
3.6881,0.64029
1.1561,0.65645
4.2415,0.62038
1.1774,0.65117
4.1434,0.33693
4.0106,0.28859
3.6871,0.30509
4.0415,0.59852
3.8384,0.61213
4.3655,0.616
7.4338,0.40004
7.5754,0.76032
7.3917,0.65664
8.3447,0.314
0.34818,0.69368
8.1541,0.63145
8.0201,0.68986
1.1178,0.34713
4.1255,0.33536
7.8163,0.31581
8.064,0.69695
2.2424,0.32708
8.4848,0.70557
8.4285,0.59662
7.8735,0.5447
2.6255,0.62376
4.1301,0.65736
7.4348,0.54946
8.4519,0.65951
7.6454,0.61766
7.8548,0.33739
6.8309,0.60628
9.3719,0.61921
4.3412,0.67036
7.3914,0.64101
7.6941,0.57333
4.2477,0.54833
3.6119,0.3111
8.2157,0.61585
4.0775,0.6013
0.5967,0.66851
7.8957,0.60451
0.3484,0.32155
1.2234,0.54208
3.9401,0.61457
7.9437,0.65359
7.5512,0.31974
7.9109,0.61815
7.6166,0.33104
7.6388,0.64116
8.4332,0.35785
7.9286,0.56805
7.9801,0.61458
8.4993,0.61232
6.8191,0.67413
7.3931,0.64051
1.1465,0.68523
2.0207,0.61319
8.5788,0.6347
8.1897,0.63202
9.5818,0.62617
7.7878,0.61543
2.3265,0.31534
4.3751,0.62073
2.0791,0.62624
1.261,0.5967
8.1632,0.62742
7.542,0.70099
7.6866,0.59121
4.0831,0.64747
7.9962,0.37629
4.0201,0.35944
2.2603,0.64662
4.2007,0.31
0.6223,0.35307
2.161,0.64641
7.5662,0.65995
0.34409,0.62287
7.5705,0.63205
7.7048,0.31386
4.0143,0.33901
0.59094,0.63981
8.1511,0.36198
2.0989,0.62905
7.2238,0.33148
1.2143,0.297
4.1546,0.60131
3.8104,0.6415
0.67419,0.59668
4.2336,0.62997
0.67838,0.60535
7.9757,0.38877
3.6287,0.32693
3.8463,0.66551
7.706,0.36117
8.0979,0.58809
0.32323,0.63202
4.1054,0.63512
7.0474,0.62087
7.134,0.32783
4.5762,0.63166
6.5724,0.37702
4.3837,0.61136
4.1403,0.61277
8.5366,0.56452
4.2061,0.32532
3.8037,0.58278
8.4086,0.33408
6.7204,0.67013
7.2949,0.63598
3.8947,0.72501
1.1719,0.31031
8.4368,0.33796
7.8077,0.35029
8.5085,0.61307
7.591,0.35297
7.2461,0.69759
2.4267,0.62798
2.2075,0.67056
8.0967,0.60648
7.6292,0.66902
4.6456,0.61095
8.1287,0.29775
1.1773,0.64715
4.5026,0.62665
2.0855,0.36015
7.8705,0.35211
8.2605,0.67376
6.9116,0.29473
7.0062,0.37968
8.9692,0.65573
0.34554,0.57657
8.5619,0.58809
2.1998,0.35966
3.7609,0.3363
2.0897,0.59679
7.6878,0.63419
2.2835,0.62119
4.0936,0.62448
0.65341,0.32486
7.2709,0.65674
7.3828,0.59488
2.3161,0.66526
1.1068,0.67926
4.2408,0.68596
3.8749,0.64235
4.0535,0.36796
8.5514,0.67778
8.0083,0.31961
7.5544,0.69085
6.9032,0.64781
9.1599,0.32799
7.298,0.59706
8.7949,0.32221
7.4144,0.67322
7.0845,0.34305
4.3165,0.51212
8.3526,0.62084
4.525,0.59525
8.2962,0.56372
2.2979,0.69117
2.3181,0.58292
0.34404,0.33184
4.0852,0.70486
7.2818,0.3226
4.4271,0.3257
4.2023,0.61424
7.7765,0.62401
1.2047,0.63014
8.1898,0.34128
7.5963,0.34921
6.701,0.69501
6.876,0.31369
0.33658,0.58537
4.7104,0.36294
8.2649,0.70538
7.9437,0.65396
7.9001,0.33188
9.1144,0.63976
4.5193,0.33333
4.1246,0.33365
8.4583,0.32824
3.9767,0.6006
7.8568,0.71862
7.1717,0.58178
6.7337,0.35851
4.154,0.59643
4.1178,0.69366
7.8248,0.67679
3.9633,0.65591
7.9253,0.35924
2.2239,0.6199
3.98,0.62406
8.1095,0.65361
4.2473,0.36192
4.8195,0.60794
8.4582,0.65111
0.57751,0.33563
1.1457,0.61263
7.4546,0.6197
7.4213,0.32945
8.2862,0.27813
4.3484,0.32956
7.5131,0.68164
0.3783,0.59304
4.6606,0.35775
4.1435,0.3332
2.1617,0.67943
4.2044,0.3087
3.9761,0.59858
0.37077,0.32922
4.1612,0.51898
7.5045,0.60912
3.9601,0.30677
0.29922,0.60158
7.9118,0.55796
7.8956,0.68117
7.5946,0.35201
1.1422,0.34327
0.56733,0.61695
2.5573,0.34718
7.3104,0.55654
7.7724,0.72202
4.1051,0.58605
0.29594,0.35169
7.494,0.65747
8.297,0.58867
4.4217,0.3223
4.0798,0.33597
4.002,0.55746
0.61205,0.29865
7.5228,0.57374
1.8949,0.60245
9.0549,0.62694
4.4608,0.61909
7.1393,0.63035
0.35678,0.59678
7.5911,0.58146
8.5456,0.29339
8.6806,0.66114
8.0554,0.58565
7.4791,0.58928
7.8787,0.60665
1.0608,0.34992
8.1981,0.66502
1.2982,0.33546
4.157,0.34071
4.3519,0.60669
7.9892,0.66773
4.3131,0.58323
8.4474,0.36663
0.60076,0.62403
1.1526,0.66548
7.8523,0.37441
2.0739,0.59069
0.67069,0.61299
7.6435,0.55777
7.5191,0.55074
7.9712,0.32176
7.5196,0.31759
7.4466,0.58687
4.4502,0.33069
1.2107,0.54798
0.59794,0.59345
2.3701,0.65089
0.67503,0.60967
1.1396,0.68087
2.2024,0.3468
2.2524,0.62547
0.63503,0.32713
6.7845,0.65321
7.8856,0.74801
2.3114,0.64668
7.9469,0.29828
7.5857,0.3484
8.6823,0.62385
4.1913,0.60916
6.897,0.3298
7.4028,0.64629
8.4859,0.63069
8.445,0.62779
4.7006,0.62331
4.3306,0.32444
4.4024,0.59107
1.215,0.62841
7.7426,0.36028
8.7922,0.73028
8.1528,0.60194
8.4899,0.62829
2.0382,0.69291
7.7037,0.6363
5.0063,0.3483
0.3332,0.58405
7.6217,0.31553
4.2326,0.58786
6.693,0.34149
7.6308,0.37922
7.0491,0.62032
3.8809,0.63323
8.169,0.65275
2.1759,0.58309
1.1492,0.32361
7.5291,0.69913
4.4878,0.57978
3.8429,0.34864
7.174,0.64643
7.6707,0.59724
7.2428,0.6771
2.4321,0.66095
6.9965,0.33159
2.2867,0.61971
0.565,0.32006
7.3637,0.79431
7.581,0.642
4.313,0.59515
2.2513,0.52939
3.683,0.32133
6.5503,0.66359
4.2798,0.68136
8.0608,0.33758
8.2863,0.63475
0.57166,0.55958
0.33156,0.66614
8.5748,0.61756
1.0989,0.35232
0.62124,0.33412
8.0113,0.61157
7.6925,0.64964
7.6287,0.65947
8.7156,0.34341
7.5709,0.31899
8.1401,0.7318
4.3903,0.61704
7.9246,0.61619
7.0874,0.55997
7.4955,0.64352
3.9647,0.62775
7.6637,0.67097
7.709,0.64732
7.8383,0.31211
7.3765,0.33391
4.2135,0.326
0.61193,0.32612
4.0931,0.58117
0.64344,0.59251
7.8287,0.32467
4.18,0.58296
7.6452,0.59024
0.67112,0.55534
0.35513,0.58413
7.5181,0.34598
4.2123,0.58881
8.0536,0.66117
