8.6166,0.66783
7.3404,0.676
2.0891,0.67088
8.3962,0.68565
7.8775,0.61836
4.1391,0.54432
8.9593,0.66614
7.312,0.64587
7.3838,0.61503
4.5654,0.54367
7.1282,0.31849
8.7498,0.57512
8.039,0.60018
4.0743,0.60563
2.2848,0.29605
6.7586,0.57848
3.8446,0.54359
4.0903,0.61541
2.237,0.31739
0.60693,0.32399
6.9126,0.3393
7.6168,0.67558
4.0144,0.60706
1.2227,0.37206
4.3133,0.59433
5.0432,0.59098
7.0493,0.54563
4.2692,0.66774
7.6489,0.56711
7.5761,0.32371
2.13,0.70074
1.2484,0.59966
0.29302,0.63375
7.1748,0.72804
7.7812,0.56974
2.2047,0.36403
8.4377,0.32537
6.5196,0.6003
8.4407,0.29211
9.2668,0.70026
2.174,0.54602
7.305,0.5936
4.4451,0.62578
7.6099,0.4999
0.58503,0.35493
2.211,0.6188
9.109,0.32128
7.4812,0.66141
8.5107,0.7142
8.5373,0.32011
7.5857,0.31223
0.66427,0.32408
8.0448,0.66152
4.3352,0.6991
4.643,0.28884
3.9582,0.37064
3.5771,0.31834
8.045,0.589
4.6149,0.59369
0.60439,0.30407
8.4002,0.5984
8.0786,0.54531
7.1908,0.33118
2.7321,0.34588
7.9172,0.35672
8.3796,0.71399
4.3026,0.65493
7.7252,0.27081
0.30435,0.56641
4.2293,0.55506
1.3075,0.61923
1.2307,0.64933
4.3456,0.32551
7.0819,0.33261
7.3861,0.59311
8.6839,0.67417
8.4335,0.60728
8.8716,0.66896
7.4102,0.6674
4.3828,0.67611
7.6544,0.64554
7.3308,0.34401
7.2742,0.57445
8.6821,0.5375
8.2026,0.69469
7.3773,0.58969
8.4357,0.37595
7.2847,0.64089
8.1165,0.36547
7.0306,0.33477
1.1598,0.65893
7.6372,0.61523
7.9434,0.72703
8.2326,0.74064
7.2391,0.65992
7.4165,0.69029
3.7905,0.29782
4.1667,0.59722
7.2931,0.40073
3.6527,0.63324
6.8732,0.67693
4.0702,0.63119
8.3849,0.73589
7.7416,0.5115
7.1563,0.35256
1.8947,0.6288
2.1895,0.35867
3.9126,0.26879
3.8993,0.33191
0.31966,0.62287
4.3663,0.41253
4.3765,0.31467
8.3554,0.60918
8.7947,0.55066
2.3405,0.65899
7.4724,0.65105
1.164,0.70216
4.5249,0.60418
8.0249,0.67104
7.6913,0.33368
0.62121,0.31011
3.9947,0.67799
6.5414,0.64795
2.1463,0.60234
2.8688,0.30605
7.3193,0.59177
7.732,0.33116
1.1734,0.6349
6.9302,0.61872
2.3257,0.3756
7.7342,0.62458
7.2648,0.57155
7.2922,0.69784
8.3079,0.60281
7.4352,0.64463
2.2678,0.61158
1.2242,0.32592
9.1366,0.68683
8.3045,0.33668
8.5852,0.70359
7.1365,0.63714
7.4116,0.26327
8.2244,0.31928
4.8841,0.54768
7.6766,0.62218
8.57,0.34898
4.1004,0.65124
1.285,0.71367
7.141,0.54996
3.6397,0.62676
6.9779,0.67284
4.9128,0.62989
8.1558,0.33354
4.3082,0.62566
7.6409,0.66661
8.4078,0.59075
8.1122,0.65972
7.8198,0.34716
9.1335,0.68059
7.7312,0.31721
1.2484,0.54311
6.8825,0.33572
0.58359,0.63514
4.5256,0.37805
1.0455,0.58552
2.0212,0.61564
8.1365,0.69241
1.1044,0.31952
2.3711,0.68231
4.3398,0.70092
7.217,0.33719
3.7294,0.6616
7.4637,0.56033
7.4041,0.36222
7.7458,0.65216
2.2618,0.62229
0.65403,0.63838
2.2047,0.5989
6.8757,0.61238
8.1758,0.61639
4.383,0.36072
7.3578,0.33408
8.3164,0.68216
1.2392,0.33752
0.32735,0.61615
4.0858,0.63541
9.2337,0.3196
7.13,0.64105
4.0508,0.59817
7.7417,0.29056
8.157,0.77885
8.6065,0.603
7.8745,0.58425
0.62967,0.58526
7.2862,0.61556
2.3866,0.62781
0.67142,0.61664
8.9102,0.63905
3.9333,0.77452
0.54195,0.36243
0.70922,0.67004
8.2407,0.33628
4.4882,0.64613
7.4153,0.64176
3.94,0.61481
9.2636,0.62171
7.6214,0.64291
7.7177,0.35711
4.1594,0.55671
2.0205,0.27912
7.0099,0.68119
0.37503,0.3675
8.6726,0.59446
0.73804,0.62523
8.4259,0.32442
1.1851,0.32029
2.0843,0.68162
1.1844,0.78836
2.2657,0.32406
7.3151,0.32947
3.9367,0.60111
4.6643,0.30231
7.9664,0.55023
1.0733,0.60985
7.3258,0.61456
4.293,0.54115
6.8441,0.6277
4.3471,0.33991
0.6121,0.62242
4.1565,0.60547
3.7188,0.71095
6.9417,0.61557
8.2767,0.65062
0.35666,0.61691
4.2318,0.33808
8.6041,0.35206
2.207,0.59385
3.9256,0.68723
8.8105,0.67772
2.3496,0.38698
6.9806,0.64804
7.6076,0.64425
3.6276,0.33097
6.5492,0.29958
8.8819,0.70949
7.6431,0.53713
7.8406,0.66568
7.1869,0.39303
8.6218,0.64726
4.1624,0.68932
3.8636,0.32929
6.9906,0.65692
6.5862,0.6523
1.9377,0.66104
7.7609,0.59634
7.3796,0.40358
3.7376,0.78595
3.8026,0.314
0.9995,0.58333
6.6931,0.32414
4.5225,0.34357
0.60483,0.64416
7.6428,0.31708
4.7734,0.62902
1.3394,0.35797
1.3356,0.62212
1.96,0.31746
1.9045,0.3336
2.3,0.30896
8.8703,0.57486
7.6105,0.69624
7.7566,0.70398
7.4526,0.61443
0.29128,0.63808
0.28486,0.31279
6.8576,0.71214
2.5904,0.5891
4.1087,0.52977
1.1967,0.61036
1.1774,0.39493
3.5829,0.6809
3.6985,0.53988
6.8634,0.63862
4.2047,0.6363
3.8323,0.73278
3.6463,0.30315
7.6262,0.62461
7.6563,0.74081
8.3634,0.38102
8.0117,0.61759
2.3539,0.69182
7.47,0.66249
8.1994,0.33798
3.7934,0.61585
7.7042,0.59822
8.8356,0.54739
8.246,0.28281
3.7366,0.31539
9.7083,0.36096
2.2612,0.59764
6.932,0.62051
7.575,0.32454
4.212,0.55324
8.1973,0.63855
7.8984,0.3632
8.0602,0.58358
8.612,0.71283
3.9131,0.49602
1.1205,0.73956
4.4694,0.71491
2.1415,0.72506
3.8983,0.77361
1.104,0.62961
6.7022,0.71115
7.8779,0.57053
6.3018,0.6316
8.0416,0.33536
2.0715,0.6703
7.2156,0.34065
0.64509,0.54474
7.7012,0.68817
0.66856,0.42028
6.3899,0.33324
7.3899,0.69771
8.3196,0.67608
7.4242,0.71103
1.0608,0.55603
7.6151,0.66856
4.0273,0.34528
7.9707,0.34342
2.3462,0.6155
2.0915,0.63788
1.2166,0.59078
7.9489,0.66923
8.6646,0.73372
8.0807,0.60564
1.8493,0.61112
0.70987,0.60561
8.3042,0.30522
7.3859,0.58815
4.4677,0.26424
7.5606,0.7614
4.4662,0.55896
1.9973,0.64381
1.1065,0.31941
3.9747,0.53442
4.0454,0.5978
7.9493,0.55756
6.8278,0.3345
0.62033,0.31996
5.8888,0.64331
8.7947,0.3148
4.3991,0.64947
4.1222,0.61665
2.265,0.5622
7.0884,0.33242
8.1405,0.5917
2.1522,0.58051
7.7104,0.32162
0.55499,0.56722
7.2649,0.67546
2.1435,0.35708
7.3985,0.33389
3.9877,0.5839
7.7603,0.75797
1.2464,0.58173
7.1883,0.40279
4.4332,0.62341
7.7473,0.5274
8.3661,0.32393
2.0492,0.66964
1.1811,0.62345
7.3288,0.65095
2.4153,0.66766
7.3951,0.28859
4.4028,0.61642
8.0844,0.64591
2.4042,0.63378
8.8758,0.30844
8.1996,0.33466
7.9364,0.5934
4.522,0.60481
3.5567,0.31671
0.61828,0.71281
7.5708,0.2774
7.3151,0.29191
7.6909,0.32756
0.57326,0.28747
6.8973,0.68161
4.447,0.7112
7.1863,0.32869
6.7371,0.36945
4.1863,0.74069
4.5016,0.59547
7.8821,0.29566
7.5776,0.32101
7.4578,0.64225
3.7645,0.32305
0.32601,0.28113
1.9118,0.34435
0.33311,0.62727
2.3668,0.36733
7.3505,0.61177
3.9446,0.67278
3.9323,0.52511
1.1719,0.65304
9.3527,0.62346
4.0739,0.6132
7.6679,0.60079
8.731,0.6038
7.6845,0.33591
8.0549,0.35442
2.1649,0.75597
2.4534,0.58277
7.761,0.28359
9.4314,0.6525
6.913,0.73443
7.5913,0.52195
2.3886,0.35862
8.4218,0.55174
4.4779,0.59636
4.2649,0.57501
6.379,0.63297
0.3522,0.37064
7.8896,0.33139
3.9284,0.61142
7.2489,0.3332
8.1997,0.63532
4.3494,0.34025
8.0698,0.47249
6.8466,0.29105
2.3911,0.62654
2.5428,0.35234
7.904,0.68096
1.8265,0.63957
3.9836,0.37436
8.0542,0.63473
8.0581,0.778
1.1956,0.32747
4.1405,0.64197
4.0004,0.38994
7.7344,0.71834
3.6371,0.68055
8.0484,0.29852
3.7692,0.63122
2.1082,0.38496
0.40285,0.60595
7.899,0.34033
4.09,0.6115
3.7278,0.31195
1.2006,0.71474
6.8797,0.37905
8.4478,0.60971
0.93509,0.62102
7.6452,0.54825
3.646,0.56755
3.7255,0.67361
4.2798,0.35409
7.3364,0.43381
8.6401,0.65102
6.8844,0.65315
0.57621,0.64511
3.9657,0.63412
7.1122,0.5453
2.3428,0.38197
4.7554,0.59979
4.3988,0.64804
4.3645,0.39902
8.1425,0.62495
3.7273,0.33941
2.2924,0.55062
7.8462,0.56591
0.3249,0.58647
9.1869,0.60967
6.4431,0.32226
7.8325,0.63592
8.0595,0.30101
0.38675,0.69963
7.492,0.35593
1.0526,0.65956
9.0263,0.58414
7.4303,0.3463
7.929,0.32432
8.7839,0.68627
0.64658,0.37356
1.2421,0.34249
8.1667,0.69602
7.4184,0.55559
8.0888,0.67256
7.5616,0.55989
9.7132,0.60508
7.9595,0.32075
3.9647,0.66503
1.0265,0.62874
7.6207,0.30727
7.1274,0.59082
7.2511,0.61962
2.2366,0.63821
1.034,0.65928
1.2559,0.60287
7.1043,0.6401
6.8464,0.32994
8.1474,0.68524
6.7332,0.34933
0.60221,0.66743
4.0929,0.5827
3.8524,0.5897
0.32351,0.67241
1.2796,0.34537
4.186,0.30267
7.767,0.56628
7.9838,0.3438
7.2909,0.26462
8.0409,0.58165
7.1167,0.68433
2.4924,0.65447
1.0382,0.54391
7.7565,0.61557
1.1028,0.34931
7.1997,0.65283
7.4084,0.66564
0.64646,0.60849
7.8962,0.28725
8.8987,0.5457
4.5909,0.30892
2.3022,0.36651
0.65195,0.30442
7.4936,0.63286
7.773,0.62079
7.6623,0.70193
4.4284,0.38056
1.1233,0.62299
8.7044,0.63963
9.1904,0.61523
3.6564,0.30623
7.5611,0.50203
6.9117,0.58848
6.59,0.49831
6.6754,0.58734
3.6913,0.34896
1.1822,0.7059
3.7736,0.66934
6.6995,0.62498
2.2263,0.68299
3.8767,0.59483
3.8573,0.31335
4.1541,0.53479
2.5027,0.64503
8.9795,0.5838
8.7569,0.30033
2.1563,0.32008
2.2035,0.65954
7.4883,0.63227
4.3227,0.30711
7.3687,0.56964
7.0638,0.65508
4.003,0.64363
7.0214,0.59145
8.3748,0.61645
7.7453,0.71779
7.9847,0.30825
7.6058,0.61004
7.5517,0.31538
7.1667,0.35676
2.3473,0.5547
4.1643,0.70213
1.1541,0.70276
7.1963,0.62029
7.6062,0.65217
7.1262,0.6219
1.2537,0.30709
2.0345,0.58811
3.8182,0.55206
2.3338,0.58778
4.1937,0.58892
7.9878,0.61193
7.9637,0.64428
7.7697,0.60849
7.788,0.59245
4.9885,0.38303
1.2855,0.29142
0.61746,0.71148
8.6552,0.7483
4.2074,0.52022
9.8786,0.64332
8.1491,0.59171
7.653,0.39504
4.1902,0.67884
0.57866,0.35949
6.8577,0.66806
2.2615,0.25578
2.0264,0.6384
4.3688,0.6742
0.56186,0.3092
4.777,0.66159
0.68366,0.6081
1.299,0.33239
8.1074,0.59287
2.204,0.71242
7.7083,0.64596
7.2247,0.69358
3.9699,0.56148
7.9288,0.63638
7.4266,0.65914
4.3729,0.59832
8.1635,0.39557
4.9232,0.32342
8.3962,0.29772
1.1075,0.30883
6.7178,0.55778
2.0081,0.66302
7.211,0.32692
7.1143,0.62784
7.4159,0.60441
2.3748,0.3554
7.7764,0.35257
2.2124,0.62777
7.3658,0.61909
4.3949,0.33892
3.5706,0.64703
8.1193,0.56362
4.6673,0.58092
4.2754,0.35013
3.9307,0.63522
4.4205,0.31812
2.5481,0.34195
7.7178,0.57987
0.61237,0.62025
7.3864,0.59377
1.0543,0.34429
7.2354,0.6323
8.3046,0.59446
7.4238,0.74751
2.1429,0.59708
7.4892,0.57899
7.6035,0.60803
9.5905,0.34136
4.0663,0.69338
1.8689,0.34009
7.8585,0.41204
8.3617,0.59014
7.4595,0.34862
8.8427,0.63531
4.1348,0.34082
1.1641,0.58855
8.1066,0.59622
6.4984,0.63991
4.444,0.78459
4.2458,0.31115
4.2415,0.62038
1.1774,0.65117
1.1142,0.57946
8.4737,0.38255
3.6871,0.30509
4.0415,0.59852
3.8384,0.61213
4.3655,0.616
7.4338,0.78614
7.5754,0.76032
7.9834,0.53476
7.0268,0.6511
0.34818,0.69368
1.2592,0.37403
8.0201,0.68986
1.1178,0.34713
7.7882,0.58847
7.8163,0.31581
8.064,0.71225
8.2831,0.56209
8.4848,0.70557
8.7521,0.59491
2.3132,0.39577
2.6255,0.62376
3.8592,0.65736
6.7797,0.54946
8.4519,0.65951
0.64952,0.63383
7.8548,0.33739
6.8309,0.60628
8.3545,0.51899
4.6398,0.33151
8.1383,0.60536
3.9519,0.56284
8.489,0.69826
3.6119,0.3111
0.59738,0.78173
7.6993,0.53281
0.5967,0.66851
1.1906,0.66277
0.4968,0.57629
2.2247,0.52654
7.7711,0.31174
7.9437,0.65359
2.1964,0.38056
7.9109,0.61815
7.6166,0.33104
7.6388,0.64116
8.4332,0.35785
7.9286,0.56805
7.9801,0.61458
8.9271,0.64957
3.5169,0.69455
3.5678,0.35183
1.1465,0.68523
2.0207,0.61319
3.9682,0.70648
8.1897,0.63202
7.4491,0.2625
7.7878,0.61543
2.3265,0.31534
4.2439,0.56442
4.1844,0.30102
1.261,0.5967
8.1632,0.62742
7.542,0.70099
8.2839,0.72231
3.6596,0.56339
8.6281,0.66442
4.0201,0.35944
2.2603,0.64662
4.2007,0.31
0.6223,0.35307
4.4318,0.35967
7.6863,0.66359
0.34409,0.62287
2.7044,0.61308
4.1986,0.31386
4.0143,0.33901
0.59094,0.63981
8.1511,0.36198
4.5035,0.71925
4.0969,0.53138
1.2143,0.70132
4.1546,0.60131
4.0251,0.3648
0.67419,0.59668
4.3804,0.56464
2.2355,0.37086
7.9757,0.38877
3.6287,0.32693
1.3292,0.66551
7.706,0.36117
4.8107,0.35349
0.62357,0.35358
4.1054,0.63512
4.5971,0.37354
1.2991,0.33716
6.9049,0.64459
6.5724,0.37702
4.3837,0.61136
7.0543,0.61277
9.2648,0.69622
4.2061,0.32532
7.2014,0.5578
4.4444,0.71638
6.7204,0.67013
8.9401,0.67128
8.4183,0.72501
1.1719,0.31031
7.9345,0.53874
4.8985,0.57937
8.5085,0.61307
8.1097,0.34589
7.2461,0.69759
1.8526,0.63622
7.6544,0.69165
8.0967,0.60648
7.6292,0.66902
4.6456,0.61095
8.1287,0.29775
7.8644,0.64715
4.5026,0.62665
2.0855,0.36015
0.32421,0.29304
8.2605,0.67376
6.9116,0.29473
4.149,0.408
8.9692,0.65573
4.7536,0.61552
2.6184,0.64501
2.1998,0.35966
3.7609,0.6472
4.5319,0.52545
5.9763,0.36404
7.8868,0.5493
3.7293,0.74888
8.1803,0.32486
0.30817,0.77563
7.3828,0.59488
2.3161,0.66526
7.1175,0.30741
4.3437,0.68596
3.8749,0.64235
4.0535,0.36796
8.7567,0.30745
8.0083,0.31961
7.5544,0.69085
6.5392,0.34315
6.1236,0.6303
7.4809,0.39034
7.7354,0.53329
7.4144,0.67322
4.7053,0.35096
4.3165,0.51212
8.3526,0.71883
8.9662,0.59525
8.2962,0.56372
8.3337,0.3048
7.8928,0.68628
8.9423,0.64112
4.0852,0.70486
7.2818,0.3226
3.7701,0.3257
4.2023,0.61424
7.7765,0.62401
1.2047,0.63014
8.1898,0.34128
7.5963,0.34921
0.28821,0.70358
6.876,0.31369
0.33658,0.58537
4.7104,0.36294
9.0437,0.70538
7.9437,0.65396
1.2167,0.36192
0.29677,0.71121
0.58641,0.57542
4.1246,0.33365
1.2277,0.53141
8.5547,0.60172
1.0295,0.58246
3.3733,0.32106
4.4659,0.74878
4.154,0.59643
4.1178,0.69366
4.2922,0.70976
3.9633,0.65591
4.2602,0.35924
2.2239,0.6199
3.98,0.62406
8.1095,0.65361
4.2473,0.36192
4.8195,0.60794
3.6183,0.32001
0.55395,0.64401
7.982,0.30924
4.4504,0.28608
7.4213,0.32945
8.2862,0.27813
4.3664,0.78497
2.0884,0.37381
0.3783,0.7104
4.6606,0.35775
4.1435,0.3332
2.1617,0.67943
4.2044,0.3087
3.9761,0.59858
4.4456,0.38053
4.1612,0.51898
7.5045,0.65827
8.2995,0.35266
9.3517,0.66621
7.9118,0.55796
7.8956,0.68117
7.5946,0.35201
1.1422,0.34327
0.56733,0.61695
8.0708,0.39086
7.3104,0.55654
3.7535,0.71554
7.1299,0.54678
0.57196,0.38935
7.494,0.65747
8.297,0.6905
4.4217,0.3223
2.4856,0.6578
8.5936,0.67145
0.61205,0.29865
7.5228,0.57374
8.5996,0.36598
9.0549,0.62694
8.6874,0.62651
7.1393,0.67949
0.35678,0.59678
7.26,0.58146
8.5456,0.29339
8.5565,0.36421
4.7805,0.37762
6.9097,0.58928
0.66762,0.60097
1.0608,0.34992
9.6994,0.59657
1.2982,0.33546
4.157,0.34071
4.3519,0.60669
4.1407,0.30475
4.3131,0.58323
8.4474,0.36663
0.60076,0.62403
8.2024,0.64316
7.8523,0.37441
2.0739,0.59069
0.67069,0.61299
6.973,0.69494
7.5191,0.55074
0.94972,0.63361
6.6249,0.3042
7.4466,0.58687
4.4502,0.33069
1.2107,0.54798
9.1535,0.34121
0.30845,0.29533
0.67503,0.60967
4.0768,0.73406
2.1645,0.3468
2.2524,0.62547
0.63503,0.32713
6.7845,0.65321
4.1662,0.76245
2.3114,0.64668
7.9469,0.29828
1.3547,0.58107
8.6823,0.62385
1.2505,0.77736
6.897,0.3298
7.4028,0.64629
8.4859,0.63069
2.7685,0.60362
6.3834,0.34002
4.3306,0.32444
4.4024,0.59107
1.215,0.62841
7.7426,0.36028
8.7922,0.73028
2.5059,0.57282
8.0606,0.40065
0.51539,0.63414
7.7037,0.59806
7.4919,0.80882
7.1418,0.39657
7.6217,0.31553
4.2326,0.58786
6.693,0.34149
7.6308,0.37922
7.3936,0.71945
3.8809,0.63323
7.7226,0.38418
2.1759,0.58309
1.1492,0.32361
4.1019,0.49759
1.3243,0.68453
3.8429,0.34864
7.174,0.64643
7.6707,0.59724
7.2428,0.6771
2.4425,0.66095
3.7256,0.32365
2.2867,0.61971
3.7068,0.32006
7.3637,0.79431
7.581,0.59555
8.7301,0.6809
2.2513,0.52939
8.7824,0.31272
4.1188,0.25978
2.238,0.71555
8.0608,0.33758
8.2188,0.35466
7.185,0.72492
1.1902,0.68777
8.5748,0.61756
1.0989,0.35232
0.62124,0.33412
8.5724,0.35892
7.6925,0.64964
9.4171,0.34151
8.7156,0.34341
2.3564,0.37141
8.1401,0.7318
4.3903,0.61704
7.9246,0.61619
7.0874,0.55997
7.4955,0.64352
3.9647,0.62775
4.7167,0.59188
3.7766,0.26971
7.8383,0.31211
9.1036,0.65324
4.2135,0.326
0.33687,0.54663
4.0931,0.58117
0.64344,0.57403
0.65454,0.32021
4.18,0.58296
7.6452,0.59024
0.67112,0.55534
9.0521,0.33702
7.5181,0.34598
6.888,0.61698
8.2519,0.58088
