1.9214,0.5737
7.3404,0.74145
1.1449,0.5652
9.9209,0.62095
7.8775,0.61836
4.1391,0.54432
8.9593,0.66614
7.312,0.64587
7.9073,0.40081
4.5654,0.47235
6.3582,0.4348
8.9127,0.55358
8.039,0.60018
4.0743,0.60563
2.2848,0.29605
4.46,0.7303
3.8446,0.54359
4.0903,0.61541
2.237,0.31739
0.60693,0.32399
7.0216,0.37039
7.6168,0.67558
4.0144,0.60706
1.2227,0.37206
2.3748,0.76951
6.9969,0.26279
3.5338,0.3082
3.7115,0.70817
7.6489,0.56711
7.7441,0.56593
2.13,0.70074
7.0507,0.57888
3.2292,0.33063
8.7459,0.72804
0.35903,0.58201
2.2047,0.36403
4.098,0.70567
6.5196,0.6003
8.7476,0.29211
6.9978,0.79004
2.174,0.54602
1.9675,0.31466
4.4451,0.62578
1.4797,0.58533
8.0292,0.78273
3.8975,0.34663
6.3563,0.36244
2.6739,0.62668
3.5003,0.35705
6.5828,0.59304
8.425,0.32662
0.66427,0.70137
8.0803,0.7992
4.3352,0.6991
4.643,0.28884
5.9761,0.37064
3.5771,0.31834
8.045,0.30193
4.6149,0.59369
0.60439,0.30407
9.4247,0.64545
8.0786,0.44252
7.1908,0.33118
2.7321,0.34588
3.8711,0.4906
0.41183,0.29539
6.5288,0.59209
7.7252,0.27081
7.3097,0.26681
4.2293,0.55506
1.3075,0.61923
5.6009,0.64933
7.4062,0.56831
7.0819,0.33261
4.7154,0.59311
0.73734,0.35606
8.4335,0.6801
9.1599,0.64233
7.4102,0.6674
1.3966,0.66213
7.6544,0.64554
8.0196,0.52421
9.6314,0.6613
8.6821,0.5375
1.2884,0.38463
3.588,0.68486
8.4357,0.37595
7.2847,0.64089
4.0637,0.46397
7.1484,0.3007
8.454,0.65893
8.5972,0.61523
7.9434,0.72703
3.0329,0.74011
3.9669,0.57309
7.4165,0.69029
4.2583,0.28186
4.1667,0.59722
7.2931,0.40073
3.6527,0.63324
6.8732,0.67693
4.0702,0.63119
8.3849,0.73589
7.7416,0.5115
4.6429,0.69148
1.8947,0.6288
2.1895,0.35867
7.2099,0.42494
3.8993,0.33191
8.1541,0.37235
4.3663,0.41253
4.4908,0.31467
8.3554,0.60918
7.0177,0.43239
2.4756,0.63322
4.2725,0.65105
0.70168,0.45191
7.715,0.5107
8.0249,0.67104
5.8514,0.52163
0.3446,0.41159
3.9947,0.67799
6.5414,0.64795
2.1463,0.60234
9.0961,0.49419
2.3072,0.36427
7.732,0.33116
8.7429,0.6349
6.0851,0.60732
9.601,0.62527
7.3975,0.71035
6.5729,0.69868
7.2922,0.73551
8.3079,0.60281
6.6972,0.61521
2.2678,0.55278
8.4091,0.34193
9.1366,0.68683
9.0896,0.65795
6.5666,0.66214
7.1365,0.63714
7.4116,0.26327
8.2244,0.31928
4.8841,0.54768
7.6766,0.65113
8.57,0.34898
6.6453,0.32423
5.3408,0.60903
7.141,0.54996
3.6397,0.62676
6.9779,0.67284
4.9128,0.62989
8.1558,0.5542
4.3082,0.62566
7.6409,0.66661
7.747,0.75719
8.6349,0.65972
0.31737,0.72244
8.617,0.28065
7.7312,0.31721
1.2484,0.54311
6.4707,0.36933
8.4165,0.74078
4.5256,0.37805
9.2529,0.67013
2.3112,0.55492
8.1365,0.69241
4.5757,0.61258
2.3711,0.68231
2.706,0.4985
0.93364,0.32185
8.9554,0.3579
7.4637,0.56033
4.519,0.75099
7.7458,0.58438
2.2618,0.62229
1.2868,0.71465
2.2047,0.5989
6.7542,0.57346
8.1758,0.61639
4.383,0.36072
9.4718,0.58629
8.3164,0.68216
1.2392,0.33752
0.32735,0.61615
7.3294,0.62879
8.5021,0.80211
7.13,0.64105
4.0508,0.59817
8.2422,0.78973
3.7568,0.77885
8.1032,0.54601
8.1776,0.35211
0.62967,0.30261
8.5493,0.32826
4.441,0.42356
2.5835,0.28909
9.573,0.68738
7.524,0.26419
0.54195,0.36243
0.70922,0.67004
4.9093,0.71771
0.30767,0.38623
7.4153,0.64176
1.2491,0.61595
5.0195,0.59328
3.8679,0.70103
4.0391,0.29213
4.1594,0.55671
9.1307,0.41056
1.3907,0.45089
0.37503,0.3675
8.6726,0.59446
0.73804,0.62523
4.5599,0.76229
0.27897,0.77002
6.54,0.68162
7.1866,0.80502
2.2657,0.32406
8.3305,0.32947
3.9367,0.60111
0.70158,0.39618
7.9664,0.55023
1.0733,0.60985
7.3258,0.61456
8.1375,0.52826
6.096,0.32592
4.3471,0.33991
0.6121,0.62242
4.1565,0.60547
0.98499,0.71095
6.9417,0.61557
2.0132,0.4
6.9349,0.61691
1.1189,0.34267
8.6041,0.37503
6.9838,0.65469
3.9256,0.68723
8.8105,0.67772
2.3496,0.38698
8.0521,0.55644
7.6076,0.64425
4.4892,0.2534
6.5492,0.29958
8.8819,0.70949
7.6431,0.53713
7.8406,0.66568
7.1869,0.39303
8.6218,0.64726
2.3093,0.29887
4.3587,0.66992
6.9906,0.65692
4.5534,0.53718
1.9377,0.66104
7.7609,0.59634
4.6613,0.2824
3.7376,0.78595
3.8026,0.314
0.9995,0.58333
6.6931,0.32414
2.6303,0.52786
6.8738,0.55758
8.7882,0.65305
1.4853,0.28431
1.3394,0.35797
1.1013,0.41302
1.96,0.31746
4.6553,0.68163
6.2378,0.65646
4.2079,0.80072
4.2454,0.49615
4.4133,0.54118
7.4526,0.61443
0.29128,0.63808
2.4674,0.73489
0.37097,0.50618
2.5904,0.31243
9.5471,0.63338
7.2044,0.73053
1.1774,0.39493
3.5829,0.6809
1.0184,0.51419
6.8634,0.63862
0.66986,0.64669
3.8323,0.73278
9.1446,0.50074
5.2248,0.34049
7.6563,0.76101
9.6526,0.31479
8.0117,0.61759
2.113,0.4919
7.47,0.66249
8.1994,0.33798
9.6018,0.576
7.7042,0.59822
8.8356,0.54739
6.1318,0.51132
3.7366,0.578
9.7083,0.36096
2.2612,0.59764
7.0865,0.54595
7.0302,0.62616
7.8562,0.73294
8.1973,0.63855
3.4936,0.51645
4.9606,0.61035
2.0417,0.80468
4.9307,0.29233
1.1205,0.73956
4.4694,0.71491
2.1415,0.72506
7.1992,0.78888
7.0412,0.74975
1.7666,0.64361
7.8779,0.57053
6.3018,0.6316
7.8878,0.74547
3.8016,0.53578
9.5123,0.33835
0.64509,0.54474
6.2003,0.71282
1.0701,0.42855
6.3899,0.33324
1.2535,0.53683
8.3196,0.67608
4.7311,0.71103
1.0608,0.55603
4.796,0.3451
2.0037,0.65794
7.9707,0.46499
4.4833,0.25866
2.0915,0.63788
1.2166,0.59078
7.9489,0.69937
2.0259,0.80396
8.0807,0.59112
0.62548,0.74466
7.4718,0.7233
8.3042,0.30522
7.3859,0.58815
6.8633,0.48819
2.3592,0.41926
4.4662,0.55896
1.9973,0.64381
6.983,0.53529
2.3208,0.28373
2.0526,0.58687
4.3456,0.81188
6.8278,0.3345
6.73,0.5632
2.7774,0.67241
8.7947,0.73563
4.3991,0.64947
4.1222,0.61665
2.265,0.5622
8.7362,0.6092
8.1405,0.5917
6.9997,0.58051
2.6777,0.6719
0.55499,0.56722
6.238,0.73987
2.9624,0.3045
8.2674,0.65474
3.9877,0.5839
2.6548,0.64894
1.2464,0.58173
7.1883,0.40279
4.4332,0.62341
3.3239,0.35335
8.3661,0.32393
4.8009,0.66964
2.053,0.26291
9.1728,0.57128
2.4153,0.66766
7.3951,0.28859
4.4028,0.61642
8.0844,0.64591
0.84423,0.54839
0.31568,0.7382
8.1996,0.33466
0.2707,0.63967
4.522,0.60481
2.5889,0.65726
0.61828,0.71281
2.028,0.40369
7.9858,0.39481
7.6909,0.32756
0.57326,0.28747
9.943,0.34728
9.5166,0.34127
0.41066,0.73841
0.37135,0.3802
0.66826,0.74788
7.1426,0.75002
7.8821,0.29566
7.5776,0.43381
7.1468,0.378
3.7645,0.36256
0.32601,0.28113
1.9118,0.34435
7.3801,0.52308
3.5721,0.59076
7.3505,0.61177
3.9446,0.67278
3.9323,0.52511
7.8383,0.35514
9.3527,0.62346
4.0739,0.6132
7.2515,0.68413
4.9851,0.6038
7.6845,0.33591
8.0549,0.35442
2.1649,0.75597
4.397,0.49431
3.9817,0.3908
4.9818,0.51181
6.913,0.73443
7.5913,0.52195
7.3239,0.75247
8.4218,0.55174
4.4779,0.59636
8.3488,0.50482
9.4053,0.35618
7.3348,0.74221
2.3,0.33139
9.1789,0.31214
8.7634,0.61599
5.854,0.66851
0.68669,0.68671
8.0698,0.47249
6.8466,0.29105
2.3911,0.62654
2.5428,0.35234
0.77865,0.63184
1.8265,0.63957
4.5449,0.29996
8.3834,0.74722
2.3749,0.5099
3.4828,0.72618
4.1405,0.64197
0.64895,0.38994
7.7344,0.71834
3.6371,0.68055
8.0484,0.3904
3.7692,0.63122
2.1082,0.38496
3.052,0.30372
8.7841,0.6482
4.09,0.6115
3.7278,0.31195
5.4285,0.56982
6.8797,0.37905
8.4478,0.60971
1.9927,0.43364
9.5205,0.62689
3.646,0.56755
3.7255,0.67361
0.67515,0.28864
7.3364,0.43381
1.1482,0.54144
6.8844,0.65315
0.57621,0.64511
1.82,0.32843
8.0266,0.52491
7.5053,0.5304
4.7554,0.59979
1.3762,0.66246
4.3645,0.39902
8.1425,0.62495
3.7273,0.33941
2.2924,0.55062
7.8462,0.56591
0.53827,0.56955
9.1869,0.60967
6.4431,0.32226
7.8325,0.63592
7.0609,0.26717
0.38675,0.69963
7.492,0.68577
8.4669,0.30302
1.5443,0.65267
7.4303,0.3463
4.7059,0.44554
2.4846,0.69855
4.1285,0.5248
1.2421,0.34249
2.233,0.38667
7.6895,0.4972
8.0888,0.67256
2.7594,0.64014
9.7132,0.66923
7.9595,0.32075
3.9647,0.66503
0.63519,0.52281
5.3622,0.60919
7.1274,0.59082
7.2511,0.61962
1.2863,0.7632
1.034,0.65928
2.5425,0.60745
3.6175,0.62989
6.8464,0.32994
8.1474,0.68524
6.7332,0.34933
0.60221,0.66743
4.0929,0.5827
3.8524,0.5897
6.9302,0.67925
3.7944,0.53165
4.186,0.30267
7.767,0.56628
7.9838,0.3438
7.2909,0.26462
6.8691,0.37466
7.893,0.79138
2.4924,0.67728
6.2125,0.60755
7.7565,0.70808
9.2425,0.51874
1.9557,0.67766
4.8469,0.52576
0.83032,0.35144
9.7268,0.57966
8.8987,0.5457
3.6244,0.7057
8.3569,0.68224
0.65195,0.30442
7.4936,0.65251
7.773,0.41136
7.6623,0.70193
4.4284,0.38056
1.1233,0.62299
8.7044,0.63963
6.4328,0.63887
0.40339,0.66733
7.9524,0.50203
7.7912,0.54514
6.59,0.49831
1.1117,0.26111
3.6913,0.34896
1.1822,0.7059
6.0171,0.57481
1.2363,0.76549
2.2263,0.68299
3.8767,0.59483
3.8573,0.31335
4.1541,0.53479
2.5027,0.64503
8.9795,0.5838
8.7569,0.30033
2.1563,0.32008
2.2035,0.65954
7.4883,0.63227
4.5414,0.34466
3.2922,0.29146
6.3125,0.3951
8.226,0.66353
2.5667,0.26205
6.1097,0.60247
1.1342,0.46007
7.9847,0.30825
7.6058,0.61004
1.8882,0.28577
7.1667,0.35676
2.3473,0.5547
4.1643,0.70213
2.6929,0.61573
7.3913,0.67066
8.3464,0.63169
8.979,0.72037
1.2537,0.30709
2.0345,0.38708
3.8182,0.55206
2.4705,0.58778
1.0318,0.34813
3.5669,0.43927
7.9637,0.64428
3.8355,0.60849
9.8615,0.63924
4.9885,0.77527
1.2855,0.29142
6.9039,0.68566
1.1379,0.48146
2.7223,0.69347
9.8786,0.64332
8.1491,0.30236
0.55,0.7569
4.1902,0.67884
0.57866,0.35949
6.8577,0.7795
5.1214,0.68195
2.1109,0.36767
5.8528,0.55298
0.56186,0.3092
1.24,0.42569
3.4788,0.67195
1.299,0.33239
8.1074,0.59287
0.99302,0.32225
1.886,0.57209
0.37395,0.6703
3.9699,0.56148
2.4517,0.60838
7.4266,0.66592
8.9634,0.73179
8.1635,0.39557
4.9232,0.32342
6.6354,0.63965
2.9714,0.61636
7.2182,0.51541
9.2606,0.68583
2.6007,0.55658
7.1143,0.62784
5.8506,0.7495
2.3748,0.3554
7.7764,0.35257
2.2124,0.62777
7.3658,0.61909
4.3949,0.33892
3.5706,0.64703
8.1193,0.56362
6.7326,0.51604
4.2754,0.35013
3.9307,0.63522
0.58541,0.66977
4.4547,0.74719
7.7178,0.53507
0.61237,0.62025
7.3864,0.59377
4.069,0.74159
7.2354,0.6323
8.3046,0.59446
7.4238,0.74751
2.1429,0.59708
8.824,0.58934
7.6035,0.60803
9.8653,0.60258
0.32946,0.28357
1.8689,0.34009
8.5788,0.79717
8.4641,0.29535
7.4595,0.34862
5.2159,0.63531
7.8715,0.68169
2.4598,0.58855
8.1448,0.59622
3.9164,0.74024
4.444,0.78459
8.4578,0.70127
4.2415,0.36886
0.29336,0.65117
2.4216,0.57946
2.4705,0.38255
3.6871,0.30509
4.0415,0.59852
3.6061,0.61213
4.3655,0.41106
7.4338,0.78614
2.8215,0.32421
7.9834,0.53476
6.5069,0.5683
0.34818,0.69368
9.7117,0.33883
8.0201,0.68986
8.0629,0.73417
7.7882,0.58847
7.8163,0.31581
3.4532,0.61389
1.1351,0.74786
8.4848,0.70557
8.7521,0.59491
9.1883,0.58366
2.6255,0.62376
5.2575,0.35241
8.2656,0.39992
6.3878,0.55752
4.685,0.32375
7.8548,0.33739
6.8309,0.60628
2.4109,0.76884
4.6398,0.33151
8.1383,0.60536
3.9519,0.56284
9.9196,0.6064
3.5868,0.53536
7.2995,0.46132
7.6993,0.53281
0.67847,0.5257
7.6773,0.70425
0.4968,0.57629
2.2247,0.52654
3.2788,0.31174
2.6605,0.70273
2.1964,0.38056
7.9109,0.61815
4.2724,0.6812
7.6388,0.64116
8.4332,0.35785
7.9286,0.25166
7.0232,0.61458
8.9271,0.64957
3.5169,0.29764
3.5678,0.35183
1.1465,0.68523
4.0806,0.75584
3.9682,0.70648
7.932,0.81791
2.167,0.46856
0.35339,0.34672
2.3265,0.31534
4.4639,0.68618
7.5555,0.54871
7.0102,0.74044
8.1632,0.62742
7.542,0.70099
5.1644,0.57144
2.8288,0.60092
8.6281,0.66442
4.0201,0.35944
5.2382,0.59516
4.9427,0.70065
0.6223,0.35307
2.6798,0.36226
7.6863,0.66359
0.34409,0.62287
2.7044,0.64301
4.1986,0.31386
4.7562,0.33901
0.59094,0.63981
3.4857,0.58492
9.8001,0.36591
1.275,0.40591
1.2143,0.70132
0.67053,0.39217
2.461,0.34805
0.67419,0.59668
6.9534,0.416
2.3404,0.37086
2.3926,0.71327
7.839,0.29075
0.42889,0.53179
6.9521,0.32148
1.2499,0.74076
4.1263,0.55877
4.1054,0.63512
7.586,0.75157
1.2991,0.33716
9.9207,0.35136
5.4028,0.71527
4.3837,0.61136
0.30125,0.76775
6.3226,0.69622
4.2061,0.34435
7.2014,0.5578
4.4444,0.71638
6.7204,0.67013
3.794,0.81477
8.4183,0.72501
8.4661,0.31031
5.351,0.30617
4.8985,0.57937
7.3718,0.5147
8.1097,0.34589
1.5149,0.60312
7.6091,0.49867
2.669,0.30242
2.2071,0.77758
0.62988,0.67683
2.3314,0.80959
8.1287,0.29775
6.494,0.64715
8.2221,0.41686
2.0855,0.36015
3.9355,0.72142
7.359,0.73083
0.64433,0.78672
4.149,0.408
7.9622,0.52737
9.6821,0.59444
5.2136,0.3038
2.1998,0.35966
1.8215,0.50186
4.5319,0.80395
6.1652,0.52542
6.9633,0.5493
4.8975,0.8174
8.9837,0.57921
0.93262,0.55952
7.0118,0.67081
2.3161,0.35797
7.1175,0.30741
4.3437,0.68596
0.66989,0.42593
8.2698,0.36796
5.2652,0.34565
2.0679,0.511
0.65258,0.45669
6.8483,0.74523
6.1236,0.6303
7.802,0.26093
7.0029,0.4339
0.72998,0.66481
7.5956,0.74077
0.78301,0.31922
8.3526,0.51726
6.9674,0.54656
8.2962,0.56372
8.3337,0.3048
3.733,0.68628
5.2542,0.6824
3.9884,0.4561
7.2818,0.3226
3.7701,0.3257
3.8577,0.72482
7.7765,0.53386
2.1184,0.63808
8.1898,0.34128
2.4448,0.6445
0.7385,0.70358
9.8305,0.34548
8.5561,0.70097
4.7104,0.36294
9.0437,0.70538
3.0878,0.35766
7.3758,0.36192
4.9817,0.31136
0.58641,0.57542
2.0751,0.64176
1.2277,0.53141
8.5547,0.60172
1.0295,0.58246
3.3733,0.32106
9.372,0.56632
4.154,0.59643
4.3242,0.69366
8.0625,0.77266
6.9629,0.56866
1.2371,0.35924
9.6145,0.6199
3.98,0.62406
6.4671,0.74954
4.2473,0.36192
4.8195,0.6538
3.6183,0.54042
9.0376,0.64401
7.982,0.30924
5.2223,0.61714
4.4239,0.36963
3.3089,0.66807
8.782,0.39525
4.3856,0.39889
0.3783,0.7104
1.6803,0.71656
4.1435,0.3332
2.1617,0.67943
4.2044,0.3087
7.9855,0.59858
4.4456,0.38053
4.1612,0.51898
7.5045,0.65827
7.7021,0.37851
9.3517,0.66621
4.1304,0.25256
8.8386,0.64409
2.3499,0.58435
1.1422,0.34327
0.56733,0.61695
5.6384,0.72342
7.0007,0.70508
3.7535,0.71554
7.1299,0.54678
1.5879,0.31784
6.8282,0.67574
8.297,0.6905
4.4217,0.3223
2.4856,0.6578
8.5936,0.67145
0.61205,0.29865
9.2603,0.57374
8.5996,0.36598
8.9586,0.27826
8.6874,0.78017
5.5312,0.32435
6.7246,0.33367
7.26,0.58146
4.9758,0.29339
0.7127,0.68462
4.7805,0.37762
4.7503,0.61927
0.66762,0.60097
3.7759,0.73956
9.6994,0.59657
1.2982,0.33546
4.157,0.34071
4.8278,0.51856
4.0983,0.69546
4.0183,0.49945
8.4474,0.36663
0.60076,0.62403
1.2276,0.29928
7.8523,0.37441
0.5677,0.59069
0.67069,0.61299
6.973,0.69494
7.5191,0.55074
4.1645,0.77822
6.6249,0.3042
7.0738,0.66449
4.4502,0.33069
0.37919,0.28402
9.1535,0.34121
4.1606,0.79169
0.67503,0.60967
4.0768,0.73406
8.7934,0.6667
3.7256,0.29594
0.63503,0.32713
6.7845,0.65321
4.1662,0.76245
5.0858,0.70855
7.9469,0.37663
1.3547,0.58107
8.6823,0.62385
7.3605,0.46473
9.4201,0.28583
9.5414,0.64629
8.6835,0.5883
6.1294,0.35406
6.3834,0.34002
2.0421,0.45994
8.481,0.64227
4.2733,0.55551
7.7426,0.36028
0.77087,0.55826
2.5059,0.57282
8.8609,0.72867
4.3463,0.8151
7.7037,0.59806
4.8741,0.27418
4.6664,0.76006
7.6217,0.31553
4.2326,0.58786
6.8669,0.36291
4.6681,0.70231
7.3936,0.71945
9.5583,0.57624
9.4253,0.70626
9.7004,0.58309
8.128,0.65475
1.84,0.27271
7.5105,0.7433
3.8429,0.34864
3.1729,0.72445
1.0737,0.6506
7.2428,0.6771
2.7578,0.30162
3.7256,0.32365
1.8427,0.57211
8.1359,0.27952
9.9748,0.79431
7.581,0.59555
8.7301,0.6809
2.2513,0.27171
4.0969,0.81871
4.1188,0.25978
4.3386,0.52576
8.0608,0.69369
8.2188,0.35466
7.185,0.72492
4.0464,0.55316
8.5748,0.61756
8.8749,0.65865
2.4865,0.31925
8.5724,0.35892
8.6716,0.79284
9.4171,0.34151
8.7156,0.34341
2.3564,0.37141
5.1038,0.3503
5.728,0.6785
9.4321,0.3163
0.35091,0.48581
0.3936,0.40718
8.6879,0.74925
4.7167,0.59188
3.7766,0.26971
4.7801,0.30613
9.1036,0.65324
4.2135,0.326
7.0698,0.54663
3.876,0.58117
0.64344,0.57403
0.65454,0.32021
6.7098,0.54751
9.1333,0.6007
9.5081,0.67113
9.0521,0.33702
7.5181,0.34598
6.888,0.61698
8.2519,0.58088
