7.7589,0.62468
1.1783,0.62669
7.7445,0.62458
7.7251,0.62547
4.0929,0.62379
7.7207,0.62281
4.0955,0.6227
2.1991,0.62403
7.7051,0.62888
4.1462,0.6286
7.7194,0.62355
7.5959,0.62924
7.6479,0.33345
7.7663,0.62254
4.045,0.62368
7.7509,0.62408
7.7527,0.62293
4.0903,0.32899
7.7086,0.62451
4.0804,0.32985
7.6504,0.62306
7.7384,0.62968
7.726,0.33487
7.6793,0.33123
7.6807,0.62729
7.6723,0.62804
7.7316,0.62477
7.73,0.62372
2.204,0.62565
2.203,0.62436
7.738,0.62682
7.7188,0.62725
4.0981,0.61844
7.6288,0.62193
7.6986,0.62328
7.6048,0.62869
4.1577,0.61814
7.7406,0.62154
7.6781,0.3353
0.32601,0.3393
4.0967,0.62533
7.6788,0.32872
0.626,0.62578
7.7351,0.62341
7.7916,0.62419
7.7227,0.62802
4.0929,0.62281
7.7332,0.62501
7.7175,0.62316
4.0803,0.62292
7.6815,0.63312
7.6734,0.62554
7.6835,0.62399
7.6542,0.33177
7.7117,0.32973
7.7605,0.6224
7.7187,0.6236
7.6707,0.62525
7.708,0.6233
2.1636,0.62716
7.7198,0.33452
7.6676,0.62508
2.2093,0.61833
4.0896,0.33249
7.7038,0.62385
7.6766,0.62284
4.1319,0.62359
4.0691,0.63157
7.7057,0.62324
7.7085,0.62137
7.7582,0.62582
4.0955,0.6259
7.7659,0.6257
7.7221,0.33362
4.1228,0.62337
7.6575,0.33312
7.7767,0.33245
7.6282,0.62418
7.7248,0.62652
4.1326,0.33137
7.6544,0.62311
2.1658,0.62604
7.7281,0.62565
4.1162,0.62132
7.7007,0.62135
7.714,0.33134
7.6881,0.33331
7.7222,0.62134
7.7611,0.62382
4.0939,0.33341
7.7064,0.62269
7.6372,0.62732
7.7142,0.62394
0.33391,0.62305
2.1972,0.62596
4.1141,0.62649
7.763,0.62305
2.1946,0.63265
4.0827,0.62429
4.1246,0.3309
4.1,0.6268
4.0702,0.33331
7.7306,0.62692
4.0781,0.63099
7.7126,0.60946
7.7346,0.33043
4.0981,0.33486
7.7251,0.62394
7.7691,0.62504
2.1974,0.33528
7.6953,0.33716
7.7302,0.62684
7.885,0.6301
4.09,0.62422
7.7052,0.33408
7.7727,0.62006
7.6957,0.6265
2.223,0.62467
7.6683,0.62128
7.6913,0.33368
4.1084,0.62496
7.6775,0.62145
7.6536,0.62236
7.7256,0.62774
7.7248,0.33085
7.7004,0.62634
7.732,0.62193
7.6978,0.6254
7.7179,0.62517
2.183,0.62217
7.7342,0.62458
7.7119,0.62474
7.6986,0.62505
4.0881,0.62237
4.105,0.62018
7.6563,0.62637
7.7705,0.62556
7.6367,0.62855
1.1746,0.62341
7.7053,0.62375
7.6949,0.62225
7.6885,0.62128
7.7123,0.62954
7.6693,0.61844
7.6892,0.62331
7.6813,0.3335
7.7126,0.62382
7.7122,0.62056
7.7455,0.62353
7.6732,0.62607
7.7749,0.62229
4.1458,0.62111
2.1732,0.62234
7.6649,0.62498
7.7453,0.62742
7.7337,0.62469
7.7609,0.62573
7.6964,0.62163
7.7465,0.33334
2.1735,0.62881
4.1228,0.6196
4.1227,0.33087
7.6383,0.62279
4.104,0.62258
7.7581,0.62085
7.7398,0.62656
7.7364,0.62387
7.707,0.62748
7.6995,0.62326
7.6892,0.6293
4.0907,0.62041
7.7003,0.6249
4.1158,0.62233
7.6892,0.62992
7.7458,0.62127
7.6994,0.62636
7.7074,0.62653
7.7086,0.62139
7.7061,0.62585
7.6658,0.62853
2.2109,0.62646
7.6954,0.61925
2.1823,0.33469
7.6854,0.62364
7.6689,0.62282
7.7303,0.6241
7.7168,0.62313
7.7612,0.33541
7.7307,0.33537
2.1954,0.62262
7.7514,0.62718
7.7408,0.62668
2.2023,0.62238
7.6888,0.62512
7.6518,0.62292
4.1047,0.33422
7.7023,0.62185
7.768,0.62506
7.7226,0.62214
7.7837,0.62423
7.6887,0.62203
4.0936,0.62618
7.5381,0.62028
4.1005,0.62508
2.1863,0.62289
7.7434,0.62889
4.1093,0.62426
2.1937,0.62449
2.2025,0.62758
7.6273,0.6233
7.6881,0.33264
4.1702,0.33325
4.1169,0.62454
7.7087,0.62143
4.068,0.33161
7.8111,0.61951
4.0878,0.62403
4.1277,0.62767
7.7283,0.62894
7.7512,0.62154
2.197,0.62319
7.7614,0.62569
7.7974,0.6214
7.6891,0.62353
7.6851,0.62315
7.6812,0.62192
7.7674,0.32964
7.7323,0.61817
2.1822,0.62706
7.6892,0.62459
7.7088,0.33451
7.6888,0.62492
7.7083,0.62106
7.6273,0.62457
7.7245,0.62539
7.6919,0.62402
4.1109,0.61937
7.8052,0.6254
7.6924,0.62305
4.0977,0.62568
4.0928,0.62406
7.6477,0.62335
7.7021,0.62647
7.7038,0.62011
7.6396,0.6241
7.8115,0.6248
4.1054,0.62485
4.1327,0.63026
7.6608,0.6257
4.0901,0.62319
7.7303,0.62921
7.7116,0.61736
7.6983,0.62334
7.6916,0.33263
7.6688,0.63073
7.7145,0.62302
7.683,0.62132
7.7132,0.62044
7.6715,0.62669
7.7007,0.62037
4.1053,0.62175
4.1068,0.62296
1.1791,0.33048
7.8333,0.62437
7.6969,0.62433
7.6872,0.62422
7.7409,0.62779
2.201,0.62531
7.6565,0.62374
4.1156,0.62018
4.1088,0.62378
7.7566,0.33318
7.7492,0.62441
4.0953,0.33328
7.6791,0.62403
7.5932,0.3371
4.1214,0.62421
7.7404,0.62061
7.7396,0.62265
7.6973,0.3339
7.6741,0.63294
7.6861,0.62749
7.7103,0.32774
7.6891,0.62309
4.1235,0.62384
7.6957,0.62226
7.7199,0.62217
7.8706,0.62457
7.7023,0.62792
4.1219,0.62813
4.1328,0.62753
7.6999,0.62301
7.783,0.62228
7.7094,0.62388
7.6179,0.62407
7.7267,0.62269
7.6818,0.62533
4.1209,0.6266
4.0951,0.62079
4.113,0.62346
7.7198,0.62365
4.0969,0.62626
4.0984,0.6236
4.1192,0.61962
2.1698,0.62956
4.0849,0.6302
7.7123,0.62411
7.6639,0.62156
2.1904,0.62354
7.7161,0.33478
7.6459,0.63106
7.6607,0.6247
7.6887,0.62367
4.1145,0.33436
4.0951,0.62356
7.6403,0.62577
4.1466,0.33329
7.7448,0.62236
7.7273,0.62527
2.2137,0.62317
4.1007,0.62508
4.0862,0.62351
4.1504,0.33324
7.7129,0.62443
7.7151,0.62798
7.8375,0.62231
7.751,0.62301
7.6986,0.62194
4.117,0.33477
1.1739,0.3337
7.7204,0.62426
2.1919,0.62556
7.7068,0.62709
7.7508,0.62296
7.707,0.62155
7.673,0.33523
7.6995,0.62834
7.748,0.62535
2.2078,0.62349
7.6919,0.33025
7.7734,0.62476
7.7192,0.63068
2.1821,0.62215
7.7087,0.33394
7.7489,0.62207
0.33457,0.62319
7.7444,0.6233
4.1063,0.62532
4.0974,0.62156
4.0774,0.62034
7.7053,0.62177
4.1236,0.6228
1.1702,0.62314
7.7036,0.62363
7.739,0.62357
7.6989,0.6234
4.0905,0.62062
4.0618,0.62279
2.2032,0.62199
0.61679,0.62938
4.1197,0.6198
7.6874,0.62573
7.7609,0.33035
7.606,0.62097
7.6765,0.62798
7.7989,0.61913
4.0981,0.33206
7.6761,0.6251
4.0252,0.62333
7.6991,0.62374
7.8092,0.62429
1.1811,0.62345
4.0894,0.62308
4.0726,0.33425
7.524,0.62745
7.6528,0.6213
2.2063,0.62599
4.098,0.62667
7.6394,0.62214
4.1108,0.62477
7.7107,0.62541
4.0926,0.61915
7.7561,0.33714
7.6761,0.62587
2.2016,0.62024
7.7201,0.62556
4.124,0.33385
7.7227,0.63398
0.60519,0.63078
7.6226,0.62739
7.724,0.62451
7.708,0.62123
7.8045,0.6322
7.705,0.32881
7.72,0.62472
7.7268,0.61898
7.7695,0.62326
7.6877,0.33465
7.7156,0.61487
4.0955,0.62669
0.33311,0.62727
7.6011,0.62909
7.7201,0.62674
7.6906,0.62467
7.6619,0.62733
4.1122,0.331
7.7385,0.62596
4.0975,0.33104
7.6679,0.6206
7.7056,0.62589
7.6846,0.62385
7.7051,0.62317
7.6754,0.3319
7.7324,0.62546
7.7476,0.634
7.7108,0.62364
2.2035,0.62478
2.2004,0.62431
7.7132,0.6264
7.7315,0.6238
4.121,0.62634
7.7015,0.62579
2.2022,0.62113
7.6593,0.62209
7.7428,0.62139
7.7022,0.62303
2.1804,0.62466
7.6848,0.62628
4.1148,0.33193
7.6733,0.62585
2.2084,0.63029
7.7672,0.62577
7.7421,0.33409
7.7004,0.6279
7.7448,0.62556
7.6615,0.62635
4.1005,0.33451
7.6749,0.62533
4.1575,0.61692
7.7578,0.62355
7.6735,0.62353
2.13,0.62353
7.7292,0.62417
2.1726,0.33314
2.2184,0.33281
2.2044,0.62095
4.1631,0.61947
4.0954,0.64159
7.7387,0.62196
7.6717,0.62422
7.696,0.6235
7.6836,0.62415
4.0736,0.62372
4.1144,0.62431
1.1805,0.62632
7.703,0.33392
4.0663,0.62918
7.6435,0.33222
4.1267,0.62173
7.6921,0.62376
7.7209,0.62649
7.6789,0.62309
7.7068,0.62367
7.7446,0.62167
7.6484,0.62287
2.2017,0.62524
7.7469,0.61715
7.6765,0.33048
7.7432,0.33373
7.7182,0.62271
7.7406,0.62718
7.7169,0.62299
7.6423,0.62524
2.1618,0.62449
4.0847,0.62382
7.7241,0.62394
4.0926,0.62514
7.6924,0.62301
4.1127,0.62607
7.7521,0.6238
7.6915,0.33137
4.0789,0.62873
7.7239,0.62589
7.6933,0.33223
7.7288,0.3341
7.7099,0.62696
7.6703,0.61977
4.1255,0.33403
7.7733,0.62739
7.6933,0.62936
7.7105,0.62107
7.7325,0.62462
7.7064,0.62383
4.1116,0.62497
4.1051,0.62761
7.705,0.62343
7.6375,0.63066
7.6424,0.62197
7.6156,0.62418
7.6999,0.33528
7.7335,0.33355
7.6583,0.33399
2.1916,0.62224
7.7077,0.62338
4.0785,0.62495
4.2105,0.32905
7.7007,0.62619
4.1096,0.6253
7.7391,0.33479
7.6948,0.62913
4.117,0.33152
1.1683,0.62652
7.8022,0.33724
7.7046,0.33152
4.1701,0.62504
7.6984,0.62416
7.7941,0.63124
7.7007,0.62147
7.6603,0.62441
2.2052,0.62437
4.1005,0.62648
2.1713,0.62306
7.6101,0.33156
2.1891,0.6271
4.1168,0.6296
2.1463,0.3285
7.7018,0.62426
7.7274,0.62673
7.773,0.33268
7.7276,0.61976
7.7594,0.62483
4.1284,0.62545
7.5843,0.62701
2.1713,0.62877
4.1065,0.62619
2.1909,0.62389
7.8188,0.61732
7.6801,0.62183
4.087,0.62012
4.1136,0.62692
4.1039,0.63304
7.7051,0.62363
7.6331,0.62611
7.6686,0.62435
7.6629,0.62815
7.7179,0.62312
2.19,0.62549
7.7243,0.33623
7.6652,0.62653
7.6655,0.62565
4.131,0.63239
7.7105,0.62468
0.61998,0.62048
2.197,0.62505
7.6607,0.33704
2.1946,0.62485
7.7401,0.6233
4.0779,0.62221
7.6628,0.63389
7.707,0.62385
7.6912,0.33202
4.1175,0.62313
7.7027,0.62275
7.7374,0.62486
7.7534,0.33036
7.72,0.33193
7.8017,0.62577
7.7213,0.62055
2.241,0.62462
4.1148,0.62494
2.2105,0.61539
7.6997,0.61955
7.7752,0.62417
7.6463,0.62931
7.7068,0.33366
7.6801,0.62216
7.6977,0.62592
7.7299,0.62742
2.207,0.62572
7.7632,0.62528
7.7437,0.33586
7.7188,0.6232
4.107,0.626
7.6928,0.62349
7.7167,0.62474
4.1119,0.62431
7.625,0.62822
2.1929,0.62053
7.7164,0.3333
7.7443,0.61816
4.1307,0.62459
2.1803,0.62541
7.6892,0.62196
7.7452,0.62789
7.7484,0.6246
4.1241,0.33239
7.6875,0.62333
7.6773,0.62525
4.1271,0.62361
7.7189,0.33226
7.7385,0.62705
7.6832,0.33482
7.7386,0.62052
4.1652,0.33172
7.6264,0.6247
1.1715,0.62562
7.7109,0.62073
7.752,0.62142
7.6826,0.62174
4.0833,0.61717
7.7145,0.63151
7.723,0.62012
7.6777,0.62251
7.6693,0.62246
4.1359,0.32878
7.6893,0.62459
7.6898,0.62608
7.7241,0.6303
7.6839,0.62464
7.7269,0.62571
7.6598,0.33584
4.1145,0.61967
0.33578,0.62318
7.6601,0.62518
4.1525,0.62499
7.7186,0.6218
7.7272,0.33265
4.095,0.33247
4.0826,0.33658
4.1051,0.61775
7.6842,0.33074
4.098,0.62082
2.1811,0.62111
7.6928,0.62879
7.6754,0.62079
7.6941,0.62434
7.683,0.33396
2.194,0.62491
7.6314,0.62916
7.5888,0.62359
7.6781,0.62399
4.138,0.62689
4.1263,0.33247
4.1348,0.62214
7.709,0.62306
7.648,0.62363
7.6944,0.62158
4.1078,0.62659
7.7287,0.62599
7.7753,0.62508
7.7055,0.33165
4.1434,0.61786
7.7644,0.62826
7.74,0.62549
4.1101,0.33289
0.62378,0.33248
4.1594,0.62558
7.6649,0.62193
7.729,0.33343
7.6498,0.6244
4.1027,0.62769
7.6993,0.6216
7.6858,0.6366
4.1207,0.62425
7.6576,0.62375
4.1255,0.62667
4.0801,0.62189
7.6519,0.62811
7.8071,0.33571
7.6927,0.62524
7.6948,0.62494
7.6561,0.62699
4.0914,0.62376
7.6685,0.6226
7.7201,0.62335
7.7187,0.61812
7.6343,0.3336
7.6728,0.62546
7.7501,0.62382
7.6927,0.62086
7.7958,0.62804
7.7848,0.33512
7.7638,0.62911
7.6397,0.33228
7.6442,0.62424
4.1444,0.6229
4.1278,0.33386
4.1323,0.62213
7.7058,0.62389
4.0919,0.61955
7.6862,0.62281
7.7631,0.62089
7.7022,0.6245
4.0967,0.62471
7.6791,0.33432
7.7007,0.33104
2.2064,0.62584
7.6631,0.62487
7.7258,0.6222
2.1724,0.62469
7.6431,0.6239
4.148,0.62011
7.7098,0.62622
7.7169,0.62731
7.772,0.62115
7.6983,0.33395
7.7064,0.62392
7.6424,0.62742
7.7099,0.63039
7.785,0.33371
4.0852,0.62732
7.7012,0.62624
7.7282,0.62323
7.716,0.62444
4.119,0.62598
2.1656,0.62483
4.0831,0.62111
4.1004,0.62642
7.6584,0.62785
7.6778,0.62245
4.1413,0.33265
7.7273,0.62721
2.1878,0.33066
0.62307,0.62746
0.33189,0.6226
7.689,0.62338
4.1099,0.62633
4.1488,0.62395
2.1837,0.62348
7.6856,0.61993
7.5679,0.62535
7.6733,0.33131
4.1281,0.62207
7.7191,0.33405
7.6633,0.62582
7.7009,0.62664
7.7859,0.62394
4.11,0.62244
7.6914,0.33296
7.7922,0.33579
4.072,0.62475
7.7066,0.62474
4.1014,0.33336
2.2048,0.6235
7.731,0.62475
7.7478,0.33234
2.1803,0.62715
7.7254,0.62547
1.1687,0.62131
4.0808,0.6194
4.0923,0.62227
7.723,0.33201
7.7433,0.62443
7.7225,0.62555
7.6914,0.62154
7.736,0.62441
7.2949,0.62368
7.7219,0.62209
4.1262,0.62158
7.6549,0.61945
4.1099,0.62226
7.7219,0.62059
7.7416,0.33633
7.7289,0.62362
4.0952,0.62261
7.7452,0.62126
7.6652,0.62823
7.6874,0.62465
4.0959,0.62464
7.7648,0.6238
7.724,0.62182
7.7233,0.6249
1.1717,0.62021
4.1467,0.62265
2.1784,0.62625
4.1011,0.62397
7.7234,0.62403
7.6621,0.62369
0.61531,0.62278
4.1554,0.62279
4.085,0.62539
2.1926,0.62479
7.7111,0.62188
7.7087,0.62439
7.6887,0.62282
4.0936,0.62448
7.7696,0.62385
7.7575,0.62396
4.1237,0.62627
4.1002,0.62174
4.0854,0.33163
2.2209,0.62787
7.7028,0.62796
7.7312,0.62484
2.1824,0.61939
7.6916,0.62051
7.6808,0.62625
4.1247,0.33431
7.7692,0.33654
7.7328,0.6214
7.7223,0.62245
7.7261,0.62721
7.6869,0.62793
7.7269,0.62545
7.6973,0.62381
7.6862,0.33573
2.182,0.62224
7.7177,0.6269
4.084,0.62695
7.6336,0.33175
7.7247,0.32994
2.2071,0.62111
7.7616,0.62392
2.1771,0.62313
7.7765,0.62412
7.7013,0.62514
7.6802,0.62419
7.7272,0.62595
7.7923,0.6303
7.7216,0.62408
7.6974,0.62273
7.6431,0.62114
7.6542,0.62526
7.6672,0.62463
7.6747,0.62087
7.681,0.62444
2.2175,0.62424
4.1246,0.33365
7.777,0.62604
7.6202,0.62894
7.7512,0.33307
4.0738,0.33507
1.174,0.62406
7.6641,0.62793
2.2005,0.33508
2.2065,0.33217
7.7106,0.62479
7.7351,0.62699
7.6635,0.62141
7.723,0.62604
7.7077,0.62075
7.6874,0.6236
4.0899,0.62136
7.8113,0.62446
4.1403,0.62091
7.6828,0.62952
7.6876,0.62411
4.1012,0.62841
7.6957,0.62801
7.788,0.6229
7.7365,0.62511
2.1817,0.3348
4.0943,0.33389
7.7366,0.6274
7.7127,0.62234
4.1349,0.62084
7.6729,0.62194
7.6844,0.33687
4.1518,0.62849
4.0537,0.63059
4.0844,0.62122
7.7616,0.62801
7.7027,0.33171
2.1872,0.62291
4.1223,0.62538
7.6812,0.61859
2.1703,0.62742
7.7013,0.33352
4.0931,0.33351
7.7604,0.62295
4.1726,0.61828
7.7137,0.62245
2.224,0.32787
2.1964,0.62386
7.703,0.62358
2.1838,0.62389
4.0978,0.62602
4.094,0.62252
7.7211,0.62521
7.6873,0.62503
7.6835,0.62698
7.7092,0.62284
7.7176,0.62446
7.7267,0.33698
7.6715,0.62524
7.7249,0.62365
2.2064,0.6255
1.1798,0.6408
7.6877,0.62047
2.1933,0.62029
4.0579,0.63044
7.7009,0.62245
7.7475,0.62373
4.18,0.61703
4.0985,0.62442
4.1297,0.62726
7.7299,0.62433
1.1637,0.62518
4.106,0.33154
7.664,0.62128
7.7025,0.62537
1.1762,0.62642
7.6796,0.62458
0.33236,0.62355
7.6513,0.62982
7.6955,0.62478
4.1236,0.62478
7.6165,0.62291
3.9982,0.33383
4.1104,0.62134
7.7086,0.62452
4.1186,0.61641
7.7006,0.62478
7.7278,0.62536
7.6609,0.33355
4.1094,0.6257
4.1119,0.62449
7.7234,0.61918
7.649,0.62231
7.8621,0.62336
7.7584,0.62381
7.6922,0.33229
4.1117,0.33277
7.6852,0.33326
7.7439,0.62602
7.6782,0.33133
7.7671,0.62472
7.743,0.62325
2.1831,0.62349
7.7388,0.62377
4.0996,0.61806
7.7496,0.62187
7.7085,0.62133
7.739,0.62595
7.7032,0.62344
7.69,0.62869
7.7314,0.62369
7.6976,0.62431
7.7032,0.62186
4.1001,0.33173
7.6907,0.6207
4.1034,0.61878
4.1285,0.62302
7.7048,0.6256
7.6988,0.62603
4.1582,0.62348
4.1216,0.62255
7.7546,0.62316
7.6756,0.62223
7.6807,0.62088
7.451,0.32498
4.1215,0.62438
7.7713,0.62048
7.6707,0.62413
7.7531,0.62542
0.61796,0.33438
2.1875,0.62769
4.0811,0.625
7.7188,0.61752
4.1325,0.62517
4.1114,0.62092
7.7509,0.62625
7.744,0.62601
7.7903,0.62597
1.1642,0.61057
1.1668,0.62961
7.695,0.62317
2.1784,0.6277
7.6944,0.62512
7.6877,0.3349
7.7042,0.62764
7.7858,0.62421
4.1117,0.33412
7.6947,0.62618
7.724,0.62259
7.7114,0.62743
7.746,0.33099
4.0725,0.62274
7.7226,0.62498
7.6897,0.62566
4.0855,0.33134
0.62965,0.33447
7.717,0.33098
4.102,0.33297
4.0786,0.62608
7.6748,0.62244
7.7353,0.62147
7.7998,0.62546
4.0815,0.62464
7.7534,0.6251
7.7198,0.62926
4.1035,0.62502
7.7759,0.62113
7.7411,0.6199
7.7018,0.62599
7.7347,0.62343
7.6794,0.62588
7.7086,0.62458
7.7396,0.62415
1.1861,0.6237
