1
2
3
4
2622
914
909
1362
1325
1990
5
1681
2132
6
892
7
825
8
3
1916
9
1922
10
1479
2112
11
958
12
1800
1634
13
1324
1255
14
1290
1549
1185
1552
1344
2366
2476
2213
15
2627
16
2085
17
18
1585
1472
1848
801
1239
1335
1773
1
1227
4
19
1002
20
1119
3
925
1483
6
21
22
1620
23
24
25
1292
962
26
859
1128
2021
2122
2372
1903
2048
27
904
2028
28
1847
29
2203
1836
1005
2326
30
824
1943
2076
1663
1484
31
32
1947
1596
2317
2383
1589
944
1597
2332
1499
1443
1
3
4
1677
1330
33
34
1473
1546
35
2139
36
2640
1328
1331
37
1633
6
1889
1402
670
1130
1387
1418
38
2193
39
40
41
710
2335
831
42
2001
1655
43
1833
1244
861
1886
1887
44
2291
2285
45
46
2046
47
48
2281
49
2235
2011
1708
2586
50
1455
2434
1642
1
51
3
6
772
926
2047
2282
2002
4
2388
52
2552
1713
53
1384
54
55
56
1851
57
58
723
59
2146
2262
768
1993
1841
2346
838
778
2554
2429
748
1992
1307
1508
60
2327
2514
1846
2090
762
1690
2644
2497
61
1716
2105
62
1882
996
63
807
956
1263
1
4
3
1332
2037
1536
64
2162
1591
1049
1862
3
6
1261
65
1578
2603
66
828
877
1266
661
2590
1986
2101
67
68
69
2651
830
754
2010
964
2268
2018
805
1781
1951
1421
2631
70
1456
71
72
73
1010
74
764
1709
704
75
657
2336
1856
1691
76
842
873
77
78
1955
79
4
2569
80
1
6
1329
1861
1817
3
1169
81
2008
3
1297
82
1795
706
83
2039
6
857
1764
6
84
1994
1965
2443
1017
1286
1622
1821
85
2229
948
86
2526
898
1075
87
2147
88
2519
2495
89
90
91
2505
2252
92
2167
2641
1582
3
1162
2469
1805
739
1434
1
93
6
1711
1661
1140
4
94
95
3
732
2088
1991
2562
96
2044
2629
2071
1197
1360
97
2558
2533
98
99
847
2384
867
660
2308
100
101
2666
1798
102
2224
2589
949
1529
2681
2656
2375
103
795
717
1769
104
1888
105
854
1635
106
1599
1938
107
2297
1
987
3
1172
4
2351
2074
108
1509
1112
2650
109
1978
1925
886
1448
965
1166
893
715
2236
749
900
2430
6
1610
110
2556
939
1089
111
2120
2159
1124
1972
112
918
1568
2069
113
978
1204
1202
957
1463
114
2609
1755
1154
1814
1068
1129
659
1998
115
799
1872
1995
2685
3
758
1
6
4
116
897
2243
117
1980
910
1271
1149
118
1736
119
2357
1538
1855
120
121
2228
1150
122
1830
2068
1829
2382
1361
123
963
1084
1364
124
125
2441
916
2184
2646
1618
2201
2503
2474
2548
1003
2031
1556
126
984
1747
2334
127
2370
2151
881
864
1729
1803
2588
1314
1
4
2230
2577
1780
2077
752
1867
1488
128
6
3
943
129
2413
1021
130
131
1192
132
977
2345
1679
133
134
777
1138
1120
1721
135
2432
1558
136
999
137
1742
2006
927
1911
1081
2688
138
1675
139
2458
6
140
1187
1179
2489
2619
2561
141
836
2056
1184
1828
142
6
1345
4
1320
1717
2450
2148
1
3
1853
143
144
1794
145
1191
146
2488
1470
2632
147
712
2017
1145
663
148
2527
2277
149
1632
1337
150
1020
1209
695
2036
2034
1865
2127
151
746
1820
653
1070
1611
750
1085
152
2596
1962
2676
153
1682
1258
2361
2232
2655
154
1238
1257
1753
1498
1
994
1417
4
155
156
840
6
157
2597
3
2486
2249
158
1090
2075
2098
1152
1436
2172
159
806
1014
1054
691
1971
2342
693
1879
1253
1404
160
1643
2130
2496
1919
1193
2248
1189
922
161
2320
2042
1516
2348
2582
2467
162
2128
2436
1954
1393
163
2154
2265
164
1225
2254
1606
1103
1
165
769
166
3
4
167
168
2168
6
169
2261
1839
170
171
1029
1350
654
1527
1672
744
172
1802
173
2331
896
1077
1412
2337
174
1466
2160
2369
1850
2621
2500
3
1069
2279
1032
874
1036
175
176
865
1383
2464
3
2293
2183
1489
923
1065
1299
1694
2530
1551
1007
2459
2560
1730
990
1
1269
1366
4
177
1793
2115
2665
178
3
6
1967
179
180
1078
1674
1696
1444
2015
181
182
1392
2639
826
1557
1726
2397
183
1094
1613
184
185
1908
1371
2061
2052
186
1942
2547
2091
1022
187
2506
1627
188
1697
1732
189
190
1211
1641
191
192
773
193
1023
780
4
1982
194
2353
1
6
2247
1111
1228
2365
1712
2517
195
1963
196
1155
197
1725
1738
198
2564
1825
2416
2415
973
951
199
2453
200
1181
3
2478
816
1133
1748
1380
1174
2466
201
2511
815
1447
1467
202
1276
203
204
1408
2145
1440
2643
791
1163
1127
2195
765
1827
6
1
3
1318
205
2278
2109
6
2340
6
1132
4
1770
206
1409
207
208
209
1035
1860
2649
210
2663
1997
2504
2687
211
3
212
1826
213
655
2624
1623
2321
2012
214
711
215
216
1545
2182
217
2508
218
1439
2501
2300
1754
219
2591
1804
220
787
972
1
221
1835
991
1904
2680
2657
3
4
222
2237
223
1213
1693
981
989
2259
790
224
6
1300
225
936
1647
2124
1399
2007
2636
2674
2253
1822
2215
1031
226
2512
227
2360
2032
228
229
1743
2022
230
2462
231
1572
232
792
1110
2528
2242
233
1056
1160
1222
1449
1
1646
1571
856
1506
2437
2040
658
234
678
1685
235
236
2257
3
1195
4
6
1605
2205
2600
237
238
813
1336
239
1493
1929
1751
2264
1173
1495
843
240
241
242
2440
2207
2067
1381
2276
1252
1219
243
2545
2003
1683
1584
2513
1744
244
2084
1206
245
246
1109
1
3
6
4
1282
1961
2491
774
1733
2141
2642
247
1341
2238
1854
248
1923
1940
1699
249
250
2118
696
251
252
1928
2395
1612
2171
253
1304
2312
2515
1045
1052
1658
2013
2158
1515
254
1088
1859
255
256
2559
1671
2423
257
1936
1535
1896
258
2316
259
2325
260
1059
1274
1016
1050
1503
261
1243
4
1576
1326
1395
1566
812
262
1279
818
1
263
1573
264
1445
1640
1746
265
266
2579
6
817
1079
3
1918
1650
267
677
2553
2245
268
860
1233
269
270
1740
2221
1038
1786
271
272
1852
2089
2693
2692
786
1086
1018
733
1216
273
2538
2026
274
2302
6
1033
4
1057
275
1099
276
767
3
1
804
1004
1898
1306
1776
1559
2294
841
6
1425
277
1590
803
278
279
1569
280
2532
1810
955
2452
2546
2604
2070
2212
1465
1268
1695
1312
1637
281
282
2140
283
284
285
902
286
287
1000
2377
1293
2311
288
1614
1146
289
1
6
4
1989
290
291
3
2150
292
1587
894
2329
1758
2066
293
1779
917
294
785
1985
664
1400
1101
2289
1698
2194
2422
295
668
2095
3
2431
2682
766
1218
858
1526
1289
3
296
297
2551
298
1247
734
299
1248
2531
2116
300
2038
301
720
1494
2387
302
2256
2005
303
304
6
305
4
1100
1
1917
1354
2136
908
306
307
2598
308
1037
1970
309
1368
310
311
312
3
1645
2296
1909
2199
313
314
2602
2673
2594
907
920
315
2410
2599
2275
2435
316
1548
1451
699
2367
317
961
796
673
2060
1981
2307
2540
1378
318
885
2408
319
1720
793
2272
320
1
4
321
2328
2220
1891
322
3
1474
1603
1701
2573
323
2446
6
3
1907
324
325
326
1063
1652
2352
703
1407
1104
327
1838
1126
1477
328
937
1168
2358
2483
2555
329
1043
2041
330
713
1644
331
2671
1480
1316
332
333
334
335
1234
1372
1532
770
980
1013
1912
2567
4
1
1156
3
336
337
338
1379
800
969
2419
6
2283
1405
1134
776
783
339
853
2045
1883
2164
674
942
2227
1586
340
1563
1482
869
1231
1665
6
1343
341
2471
1796
988
702
993
2025
342
2381
1957
970
1398
343
1280
344
1390
1662
2143
345
1260
1242
2572
346
347
348
349
1959
1
4
6
2447
350
1420
1983
351
2566
352
887
1458
353
1501
1278
2187
2611
354
829
1221
2176
1363
2020
2628
355
2313
2677
1783
2563
1505
685
1760
3
1098
1490
676
1539
986
2209
2578
2107
2549
2580
1147
2333
1186
1453
1706
1604
1785
2165
2420
2536
356
357
1039
701
656
1
1370
358
3
681
1178
4
2211
2344
2368
683
1431
2073
1249
359
6
1902
1565
832
1295
690
1093
360
1824
2648
1735
361
844
362
1792
2362
709
755
363
1857
1497
2343
2059
364
2493
738
921
1892
1537
2612
1870
742
753
1759
1224
2635
365
1346
2072
1386
366
1406
878
367
1323
1
6
4
3
2374
823
1396
1577
2125
3
368
1520
975
2576
2270
1250
1143
3
1525
953
2396
912
933
1177
1710
1974
1567
369
2126
1087
983
2306
2398
1777
1667
784
2570
2241
1976
1937
1347
370
2341
371
1757
2129
372
1926
2672
373
1428
2266
2292
1272
1170
374
1615
2114
1389
2157
863
1
1939
4
1987
3
1267
375
1422
1230
1265
376
377
6
2626
2024
2516
378
1235
379
1873
380
2670
2389
1198
724
2679
2033
945
1283
381
382
2587
1338
2063
2615
1468
1427
2647
2518
1025
2096
952
383
1215
1123
1142
2390
1419
1175
675
384
2110
385
386
1
6
1534
3
4
387
388
2373
2510
1415
1136
1053
1340
1051
389
1651
390
2475
2689
2206
2099
789
1041
976
716
1342
2251
2246
1607
680
391
1863
392
745
1540
2470
2595
1819
2499
393
394
2197
1580
1349
395
1831
868
866
396
2273
810
846
1543
397
398
2623
399
400
1305
1115
1933
2244
1
6
1313
401
2097
2678
4
1598
2123
2541
2565
3
1351
1414
1913
402
403
848
1715
682
2064
2218
404
405
1369
1377
814
725
406
407
2630
2100
1044
408
1840
2134
2409
1296
1636
1429
409
1631
2534
797
410
1107
1533
2349
834
1194
1629
1774
2177
1868
2391
411
1158
6
1217
3
889
1
4
1355
1555
412
666
880
413
414
1365
415
1205
2055
416
2610
1200
1722
1946
417
1460
903
700
2196
418
419
420
2690
1519
2142
421
1491
2163
422
2319
1500
2240
423
1511
424
1356
1664
425
426
1403
1028
2016
1167
427
1521
428
429
1416
1
6
4
3
430
1875
431
2371
679
2223
1728
1294
2204
1264
432
2087
2239
2178
1367
2111
2638
1001
906
1165
833
2138
938
1948
433
820
434
2438
1688
435
1812
1164
436
1659
437
1771
2347
714
438
1935
1291
1749
439
440
2502
2309
849
1118
1030
441
442
2267
443
6
1
444
445
757
4
2542
446
447
3
448
2083
740
2299
947
449
1311
1988
1487
2269
736
1060
450
3
1884
1673
1287
1333
1544
1011
451
2405
1531
452
959
2442
2411
882
1376
1684
453
1159
454
455
1397
2550
1083
982
1308
809
456
2620
743
457
1921
2049
1809
1411
1
6
1469
1782
4
1315
1834
1303
3
2106
1964
1284
2050
2509
458
1666
2484
459
2465
1702
2051
2574
460
461
1653
1999
2191
2482
3
1561
837
1073
462
1424
1461
1047
835
763
2287
1724
463
2571
1510
464
1927
465
871
1352
1102
686
688
2468
1765
466
4
467
1
997
468
469
470
1616
2304
1621
6
2104
1837
1975
1714
1601
1121
1317
1574
471
1952
2479
472
1885
2323
819
697
2324
1547
2210
1391
1210
1471
473
2364
1931
1594
1934
1900
852
1072
2433
2633
474
2214
2658
475
476
2234
2190
788
2585
967
935
1648
3
822
1
1301
477
2521
759
6
1046
2664
1541
895
3
4
722
2188
478
1309
1125
905
2339
2494
1813
1660
1433
760
1122
1811
479
1797
2557
480
481
662
1254
482
1832
2522
1996
1560
483
1203
484
2684
899
2086
2537
2637
728
2330
1426
485
2583
1514
1570
2455
729
486
1117
1015
1504
1139
1894
1
827
1373
2614
2490
2027
1958
487
3
2481
1310
4
2421
3
1492
6
2288
1528
488
1042
2520
489
1953
2062
1190
1413
2310
2523
747
2166
490
1768
689
2472
2645
2350
2030
1656
2457
2043
839
726
491
492
2057
1924
1478
1394
1588
493
1756
494
495
1441
2169
496
913
2081
901
930
6
4
2260
1357
497
2618
1
3
1151
3
1481
1932
2102
1669
498
1040
1161
2216
1080
1259
499
2014
1530
2079
2219
500
501
2507
1775
502
1026
665
1374
2593
1689
1960
1006
503
2318
1522
504
1930
2412
1734
505
2035
506
985
1423
731
1485
507
2675
2314
2444
2451
2082
508
781
1905
1807
1
3
1321
1171
1064
2103
509
510
2575
2617
511
4
512
2179
6
1135
811
513
514
2473
515
1592
516
2544
517
518
974
1550
519
520
521
2280
1678
1897
522
1791
1245
523
2185
2606
761
2173
1619
1062
1895
2198
1095
1893
2202
524
1237
2683
525
931
2581
2080
2524
6
1
2477
1739
2303
2661
1579
687
1055
3
1524
526
527
669
1871
528
4
2149
1843
1973
529
2298
1196
862
1915
530
531
727
532
1789
533
771
845
1762
1564
1322
1106
1595
1240
1277
1866
890
1144
3
850
1114
1654
1969
534
2217
1430
1750
535
2402
2065
2393
1542
756
1096
1823
4
1507
1220
1617
1
1385
1410
1752
1941
536
1668
537
2155
6
946
998
1608
1229
2406
538
735
3
539
1901
1778
540
541
1719
1624
705
1275
2053
1097
542
1009
543
1157
2004
544
1899
794
1262
1302
2568
545
1071
546
547
2121
1273
548
549
1876
2054
1457
1700
2539
1
6
4
550
1874
1401
1787
2529
1518
551
721
1890
552
553
554
741
555
2226
1008
3
1858
2686
1012
1358
730
1375
802
1670
915
556
1727
960
557
2535
2616
2192
2258
1382
558
1496
1256
559
560
2669
1977
1553
719
2592
561
562
782
563
2181
2424
1334
564
821
992
565
2305
1092
4
671
2284
2404
1
566
1137
567
2653
2356
1108
3
6
1082
2108
2379
568
876
1741
1956
1910
1183
2659
911
569
1649
1182
570
1019
1881
1766
571
2295
2301
572
1845
573
879
574
2607
692
2078
575
2608
1153
919
576
1241
577
1435
578
2338
579
2094
580
1
6
4
891
2403
1562
581
1799
1027
1818
2417
582
995
1523
2414
1327
1849
1452
2170
583
584
2392
2286
2487
1625
1517
1844
1513
585
2454
586
1048
1437
587
1731
2584
1737
1842
588
1199
684
966
2449
3
589
1251
2153
2208
870
1816
2144
2485
590
808
979
1602
2222
934
1864
1
591
872
1131
1246
592
1285
4
1806
694
2225
2092
2133
593
594
950
2009
1763
1113
2355
3
1067
1808
595
3
2023
1583
1723
596
2058
597
598
6
1076
1208
2200
1707
1950
1920
1353
2691
1446
2189
1772
855
718
1339
1949
2263
599
2427
779
2113
875
1201
2137
1554
600
601
602
603
1
1105
3
4
1705
2407
1880
1801
604
1207
1878
605
924
1680
6
606
1459
1703
2634
607
971
968
1979
1236
2378
1686
2662
737
1718
1944
1091
608
2386
1784
609
1630
610
611
1180
2000
612
2255
613
1486
614
1058
751
1945
1512
615
2460
1348
2426
1687
2667
6
616
4
1
617
1968
2525
618
2019
1575
2161
1232
1692
1188
619
620
1359
621
1815
2376
2131
622
2543
3
2156
2625
2135
1024
623
624
940
1223
2385
2186
1767
2654
1034
1906
625
2456
2117
626
1270
851
627
1288
1176
1432
2652
1281
929
1116
628
629
2394
2418
3
1
941
1657
2231
630
1869
4
631
1581
883
2480
1788
632
2274
2363
2445
6
633
1609
634
635
1061
636
2425
2359
3
708
637
1676
2492
1066
1464
1438
1442
638
1454
1704
1298
639
2463
1476
1226
1214
1628
798
1475
1877
2180
1761
1790
2175
2271
1966
640
2380
2668
888
2448
2174
1
2093
641
2250
2399
1074
672
1319
1148
1212
1450
2400
2315
2613
6
642
932
4
667
643
644
2354
645
707
775
954
2401
646
1914
2605
647
3
1600
648
928
1745
1638
2152
698
2322
2428
1593
2233
2601
1462
1141
1502
649
2290
2498
884
2029
650
2461
651
1639
1388
2119
2660
2439
652
1626
1984
