1
2
3
193
4
5
279
6
734
659
292
1249
698
400
1179
779
272
7
412
1057
960
685
598
888
926
8
6
1
3
2
1069
9
1024
700
1117
487
1131
916
769
10
716
11
437
224
383
1256
547
1020
180
1014
1180
300
1074
354
12
370
847
1053
621
860
919
1086
1
6
2
335
496
693
758
1192
1145
1098
3
976
899
528
13
772
834
1134
726
14
663
866
787
489
1102
15
773
915
502
1124
16
605
3
1
2
1083
1119
6
835
578
576
1176
303
288
317
17
1150
651
792
947
912
11
327
770
18
884
449
1064
397
1
2
1068
3
6
473
1046
1212
374
250
1189
530
985
641
733
232
843
723
516
1115
842
212
744
542
283
938
958
1
2
662
3
591
927
19
337
503
6
205
805
1079
328
592
423
885
470
20
999
402
278
260
878
405
338
21
521
644
642
763
1
6
2
1238
594
3
624
350
381
425
710
442
1149
535
995
1055
1171
727
375
22
902
1258
1177
851
309
961
36
1
2
3
6
807
584
607
23
394
853
1223
340
778
1207
929
1013
635
295
24
1088
25
219
616
1021
702
1156
505
590
669
1
2
6
422
348
351
363
3
460
831
399
410
486
238
199
266
810
1166
945
1118
448
1006
894
904
992
552
667
1
722
2
6
797
532
3
376
246
749
268
934
484
830
980
657
1255
845
1022
1108
420
1042
647
325
768
1160
991
326
26
1188
1
357
6
2
27
817
3
979
304
28
925
1066
833
728
572
29
712
882
626
450
30
774
291
31
479
32
789
463
301
864
320
1039
974
476
497
418
1
3
2
252
331
951
6
571
228
538
33
857
771
206
539
34
1052
271
1056
544
392
1217
920
197
1
6
767
968
2
1218
1241
821
3
254
480
952
424
931
742
581
893
1181
453
315
1084
1067
455
776
446
562
35
196
677
284
364
942
580
36
3
875
2
982
6
971
37
852
1116
1082
38
610
1191
243
509
820
468
227
39
421
406
709
839
863
504
438
752
40
186
909
439
809
1
6
3
1104
2
41
719
411
380
1155
42
43
296
587
1096
1157
639
1228
918
482
1045
889
554
334
981
1151
281
1
549
2
235
44
988
435
45
6
846
46
1132
3
217
47
1211
1236
48
1152
850
1137
239
874
280
294
806
49
50
1244
345
588
51
653
673
1
2
6
3
967
543
52
1017
800
182
53
903
511
739
54
270
214
200
781
873
255
349
55
360
1047
638
265
1072
601
371
1
6
2
3
1168
56
477
1208
948
618
1237
729
189
359
456
57
58
824
628
671
930
1239
59
322
950
1089
60
545
745
741
174
2
748
6
3
881
372
62
640
168
956
777
63
64
499
1061
1028
249
565
964
65
177
66
490
1122
2
3
1195
393
6
868
169
276
67
908
451
469
68
515
69
1232
537
998
996
70
236
247
367
1163
1081
553
493
253
71
1158
416
569
738
426
1161
72
519
780
1
2
6
3
1206
1186
765
221
258
755
1091
73
74
802
563
721
415
757
782
1
2
6
75
3
267
1197
207
76
1224
620
1222
184
457
310
1063
811
293
289
747
472
963
1080
711
495
901
77
987
78
79
1
6
1138
218
1031
1110
2
573
369
1037
905
3
390
1196
1204
1076
813
900
1065
732
388
308
429
694
362
994
305
447
1054
1000
649
1060
559
989
1
2
80
6
529
3
339
81
799
82
986
230
753
849
231
786
434
83
61
1034
922
1
2
6
3
11
1113
939
682
84
85
869
1130
203
612
595
661
251
766
1253
1210
746
234
1203
579
1
697
2
3
706
713
896
1205
6
87
970
1172
1200
88
89
90
1235
1078
803
1025
368
648
828
686
1
3
2
6
801
91
841
1175
629
506
1213
92
696
1127
715
617
684
192
244
568
679
208
458
93
6
3
2
185
1143
924
570
173
790
94
708
95
652
96
865
1245
97
98
467
1019
282
170
1167
452
1154
1
6
2
3
541
1111
827
953
937
202
1202
1209
1106
1220
1216
520
1193
99
838
658
478
1032
100
1252
775
668
1
611
2
6
432
3
483
494
1184
101
102
688
318
11
829
103
731
891
762
347
664
233
636
188
1
2
401
6
714
879
3
285
1008
512
104
699
1026
1170
353
441
660
870
475
389
274
342
105
1198
1004
440
403
575
1229
826
183
3
1
2
106
690
6
107
481
754
935
1007
555
299
1146
336
737
508
917
862
314
1231
836
1036
814
1214
172
2
6
895
546
108
3
313
433
969
311
321
407
287
832
213
1187
1030
1240
109
609
718
736
735
784
171
972
110
356
111
222
112
1
2
3
6
1050
965
764
341
1071
977
1101
625
1059
583
887
462
743
678
1018
623
1233
3
3
1
2
1087
6
854
1012
531
113
1226
1219
966
114
550
674
855
672
436
259
352
115
556
703
1093
518
229
116
808
117
474
632
510
681
1
6
2
3
118
877
1173
1048
307
86
316
1121
119
120
564
525
608
464
3
631
646
1114
121
582
788
692
378
1242
501
122
123
666
330
1162
630
124
1023
1051
1062
890
1
286
2
6
3
125
275
596
377
1109
413
332
932
812
198
615
277
840
126
1250
701
409
1035
225
819
1097
1
2
577
557
3
1221
6
1090
127
517
933
1128
1126
1103
522
585
973
761
1015
650
366
1
3
241
2
6
492
319
867
959
1133
691
936
983
329
602
128
382
1075
957
633
129
461
725
856
1058
187
1247
417
465
387
883
566
1043
6
1
2
6
3
130
226
1010
804
907
1140
1174
414
1002
514
443
302
131
627
892
791
705
1147
540
132
944
898
1005
634
637
730
133
675
1
6
2
858
949
1092
3
751
978
1227
910
527
534
1085
962
604
134
614
1136
946
1029
921
1112
984
11
204
445
837
1153
1230
760
1
2
6
3
135
1142
136
785
975
655
1095
707
561
1041
264
454
1243
46
599
533
263
1044
137
548
386
687
485
759
1
2
6
488
3
1009
138
676
880
1077
430
139
61
823
586
906
600
848
798
1165
524
1033
796
1144
1248
1178
794
398
1169
191
216
194
1
2
6
1070
3
140
1234
290
391
1141
220
1099
1246
1251
876
273
656
297
1185
1135
379
419
574
783
872
815
167
3
141
6
2
740
536
923
166
1100
361
724
142
143
466
500
323
1011
257
1125
1182
324
560
343
941
1148
181
593
355
643
144
1
2
6
3
997
145
1164
223
408
793
242
513
695
209
1194
146
717
344
1123
913
654
298
1201
1215
147
148
683
149
1
3
6
861
2
914
825
1257
150
886
248
151
1040
597
459
384
1038
795
1139
871
645
558
152
822
385
606
993
954
498
190
153
756
431
622
215
154
6
2
155
178
3
256
955
1027
358
619
1107
1001
240
333
1016
603
491
818
589
911
156
157
551
201
395
179
176
2
940
3
6
1049
1073
306
175
269
1225
523
158
427
346
507
159
689
567
1254
943
816
1003
160
928
261
11
245
670
680
897
161
195
1
3
2
6
162
444
396
1094
1105
1183
1190
750
859
1120
526
237
211
704
373
1159
163
365
613
471
164
1199
665
1129
165
428
404
720
312
990
262
210
844
