1
2
3
4
287
465
318
788
1123
623
685
1266
5
366
638
6
599
272
864
1017
146
561
347
988
266
1383
581
1402
328
682
286
825
1079
244
348
980
7
145
742
598
474
8
759
9
556
929
758
571
1095
1479
10
178
548
397
666
656
1104
1498
257
336
11
894
1186
342
565
650
12
607
1504
917
168
13
1495
430
746
1163
909
14
564
1503
1325
1
3
15
692
1132
941
261
4
393
320
1076
497
755
1209
452
1414
1378
259
1253
1220
892
683
637
955
3
299
1256
820
1047
778
833
1420
1194
1442
1445
1
645
675
440
1359
791
313
642
611
541
1465
1215
16
4
3
2
1
721
865
1297
17
717
1032
316
1173
18
1374
400
150
19
936
1327
21
974
1071
22
1235
202
1130
294
214
1399
333
905
762
284
615
345
504
1517
482
997
200
274
807
828
1042
368
1280
1
3
179
464
1031
1267
1287
1505
264
1373
1
540
1179
423
714
1454
23
251
635
1488
439
1144
1491
24
1410
950
25
426
26
1110
27
912
1370
1358
1352
1448
4
3
812
858
789
868
28
1255
1060
914
295
1134
576
2
1013
566
927
380
995
639
1510
629
768
1347
1197
436
29
453
919
1158
30
1492
403
31
193
699
32
1343
1067
1354
2
1
3
2
33
715
803
4
290
1122
1366
1450
813
527
572
1329
1270
34
205
20
1425
918
35
36
811
1337
634
1237
808
1430
852
1324
749
644
447
1472
37
924
1493
735
3
1
4
367
399
38
288
401
1379
631
160
1094
278
1311
757
1511
241
378
928
1418
533
948
1101
502
669
1026
810
856
258
39
939
574
547
739
1
2
3
4
495
1219
866
1
220
1301
40
725
404
1063
697
371
829
986
41
283
323
360
694
1355
1260
857
802
952
352
1177
1326
1226
817
942
428
327
1285
42
43
837
1298
1424
674
1025
155
3
1
1196
1105
44
45
46
456
781
1363
1315
1156
47
753
48
1339
630
1213
525
1018
381
2
1133
710
1148
1223
4
3
171
1081
2
671
895
49
1106
691
1362
1055
935
1481
406
412
50
185
233
1166
966
248
1438
51
920
358
1460
937
646
975
1185
528
614
1141
395
3
620
424
1045
2
309
603
270
4
1066
882
52
1233
1230
1102
1214
170
712
53
416
703
1154
921
1264
589
754
570
1016
4
621
1099
332
2
434
732
4
1159
836
54
484
1004
1
3
242
1112
1262
1119
387
1113
1190
772
981
1310
1474
1332
289
1091
156
626
1012
972
55
844
1303
1422
429
1224
421
1124
752
965
324
1172
976
1257
56
840
2
57
568
1181
58
455
1336
627
1391
740
787
1518
588
4
899
878
1212
708
944
1342
509
573
1246
1322
1514
819
1389
279
229
1482
59
839
861
432
2
355
1431
1275
3
2
4
544
3
3
1037
334
514
720
953
670
1139
163
1046
713
818
60
1135
1400
816
61
1309
1461
159
847
1078
693
1252
1231
1302
1507
3
1195
901
196
496
62
776
226
1484
885
1404
471
408
63
1515
922
386
236
64
938
353
1449
398
65
1165
1403
723
1279
1236
331
870
217
897
1065
761
438
1216
66
510
747
745
67
1228
690
457
1068
461
1271
449
1008
1432
152
68
677
1229
310
1258
269
4
756
780
450
2
253
1300
69
946
647
1494
293
375
1107
300
1057
70
1261
493
275
1217
483
1161
1508
979
657
208
1469
907
524
1041
1085
1371
798
628
71
1459
1439
659
3
158
916
613
148
1038
969
1446
364
385
1361
1142
539
543
619
592
390
1284
1278
1061
673
526
72
431
1294
1129
166
1367
1496
1054
376
846
1050
351
183
826
3
961
1044
1509
240
552
869
1457
1002
340
728
1346
1467
1097
1051
859
177
583
4
476
913
1056
2
956
73
175
1211
775
1320
1153
74
410
372
908
777
1182
487
411
1143
1127
1333
765
1501
3
949
154
462
311
1397
900
489
1388
1290
215
1201
167
75
1350
218
1210
384
3
1416
1100
1409
4
689
361
624
731
1088
1443
1120
1440
1394
359
317
786
1386
1411
567
562
985
1487
660
1423
971
3
1468
228
557
978
902
418
1407
2
3
1170
681
199
335
1390
206
1351
876
291
1014
1369
417
460
1500
1015
2
1180
260
3
1093
848
934
521
392
643
925
506
190
419
1328
1183
1384
1118
736
4
1
446
2
1483
77
149
838
729
1030
78
1349
79
209
1137
191
652
1028
1269
1039
1114
344
773
470
80
262
814
536
983
3
4
1
204
523
1222
1478
851
246
235
81
551
463
845
1360
1464
437
678
1473
1292
3
1174
82
83
855
903
2
4
3
433
1288
1205
684
632
1519
337
84
698
963
665
285
832
85
841
709
886
636
1225
1447
834
1151
1199
1428
586
501
1444
388
1
766
1240
492
601
280
1497
1276
151
1335
165
86
383
593
1169
252
296
87
1198
88
724
569
824
211
89
90
821
302
187
784
743
1427
1321
863
4
3
357
1023
1080
91
1313
1272
891
1499
1027
282
518
3
297
873
92
265
180
534
964
475
362
1291
606
4
277
782
329
582
904
1087
499
604
1282
774
477
915
1064
792
498
93
466
1341
519
396
622
923
1293
441
234
1164
454
153
343
1306
1387
664
1059
668
4
702
843
1365
1187
1356
254
507
1034
164
169
405
795
984
1305
537
1202
517
365
94
591
95
263
162
1441
850
546
1453
1096
2
96
653
97
1331
414
238
655
977
1475
312
718
1334
445
706
884
1274
98
1316
1372
459
237
538
794
1314
420
1480
1
874
1323
394
1155
990
99
579
1021
1077
341
649
545
4
100
3
101
1317
1208
469
1000
520
157
102
3
951
1
225
488
996
701
1426
1069
800
560
443
1149
959
3
103
1058
1254
104
663
719
223
105
831
106
1
250
1295
427
796
1052
350
559
231
898
382
1405
999
617
1476
930
3
679
1072
612
216
107
108
1150
641
1001
1188
243
994
1319
695
1007
1415
210
4
188
1147
993
1221
1470
1506
1020
1429
881
815
1393
1392
1175
801
906
1089
1382
271
1033
676
354
3
192
842
862
409
1024
1433
1512
530
1092
109
1083
110
722
875
700
640
2
1304
1516
1
402
947
767
232
111
176
1152
887
1090
704
356
3
2
822
1227
880
741
112
255
960
338
1062
1138
1513
1074
113
672
195
1029
1140
1456
577
4
616
1338
1162
147
687
1408
508
1171
276
932
1413
173
827
181
763
307
595
2
1010
1401
799
1283
1
114
1116
662
1218
940
1206
76
957
1126
744
425
115
1244
982
442
1
1
550
346
1073
116
221
379
1330
992
303
249
2
117
658
871
587
301
879
4
597
867
468
522
1312
239
760
797
1103
877
610
609
1412
1115
407
298
558
954
1232
292
910
268
532
1345
1375
1485
1121
748
726
1145
931
769
989
1490
1036
1251
370
1006
1486
1458
531
2
491
805
516
651
513
785
1168
473
3
4
118
505
391
1084
970
738
1241
119
733
1131
413
120
578
121
256
122
661
1035
478
511
779
853
1011
184
281
322
1070
123
415
793
1273
890
124
1086
1435
3
125
764
750
716
751
1003
189
849
1245
1048
1452
696
1406
575
126
1340
1098
737
349
127
790
1502
1451
933
1
1396
804
1043
128
321
500
267
830
129
1109
1268
667
1189
1318
130
1455
686
131
1489
377
625
479
1192
3
3
481
1176
1520
3
132
555
326
580
727
1128
1022
1249
968
1204
490
1477
987
486
945
1053
806
1193
1136
213
1167
422
926
467
590
3
707
888
448
823
711
1082
605
1019
1125
325
783
1437
705
1348
2
1434
1308
133
584
1191
1238
134
602
594
135
4
1207
245
734
1377
893
730
1353
1289
1296
308
197
3
1049
1344
1417
1111
503
889
273
600
943
304
1265
1005
585
203
1160
529
136
1466
1243
330
451
596
480
137
860
363
444
161
485
991
389
872
1200
1277
138
967
1075
854
1247
1248
1281
1178
1419
654
958
1299
139
1
198
306
608
1376
1203
458
688
998
1381
1463
224
563
1146
207
140
141
142
1421
680
315
648
319
1117
227
1380
230
494
883
174
1436
212
515
194
1307
542
973
1009
554
962
1462
247
369
835
1242
1471
1157
1357
435
373
1368
549
1239
172
374
1108
186
809
3
618
4
182
771
1286
633
896
472
143
1259
553
1263
535
1385
339
911
305
1234
1395
222
1398
1250
1364
219
144
3
770
1184
314
1040
201
512
