1
1225
3
3336
4025
6418
4
4812
5
273
1800
7
1255
2051
1100
2282
10
5721
4254
3090
5992
6766
4439
3741
7390
1548
1
2335
656
11
3672
5127
6254
3374
4596
12
1684
1931
5216
4268
4544
2498
4629
1149
2191
6303
3730
2196
14
3192
3471
2223
15
4251
2606
6680
4358
4414
2931
1235
17
1609
5371
5317
2463
6582
275
4919
4359
2507
3023
7131
1708
1702
20
2710
4512
6739
3340
4252
21
5869
6727
5298
1618
2444
1957
5747
762
23
6862
1664
1340
25
26
1987
3167
2475
3139
5396
5541
6688
27
5600
6991
5940
4059
6654
1913
4226
1975
6199
6138
3084
3537
30
1197
2709
3811
32
1
6011
2126
6034
4878
7253
1416
479
1791
3775
6697
5378
6271
6036
1
5987
4806
7163
34
3123
35
4888
4061
4738
3618
6823
2937
4839
6984
892
6241
3074
1876
3473
5958
6761
4521
3218
5234
1586
1775
5086
3514
36
4220
5458
37
2562
2971
4930
4862
7388
7032
3393
3532
1
12
1360
2750
4052
3
5553
4238
4732
39
6263
5671
7196
3045
2946
2068
11
4045
5927
5796
1277
4569
6579
4866
6214
6504
4539
6041
42
1333
1507
3346
44
158
2298
532
45
6659
46
1837
1537
48
4097
479
3776
5870
6079
5
5794
49
3002
1654
6145
3124
2741
50
1701
1462
3984
5798
5435
5336
2380
5364
52
1845
5942
5669
1766
5622
4688
7224
6143
6409
5380
53
3168
4974
7027
1489
4636
3200
6102
5048
2539
7331
3993
6267
5067
2156
3923
4127
5520
4325
6607
54
6793
5012
6999
5453
1291
30
4662
2372
4331
2685
5597
55
2809
6255
56
25
4356
4138
5809
6253
5680
3462
2604
4573
7104
5305
6029
1721
5146
2108
4659
3134
2598
6501
1990
6335
5411
5239
6698
2462
1924
640
2194
57
58
4244
59
6610
7160
331
2215
6295
5420
2497
5862
2840
1920
921
2531
1855
3925
5985
3639
4618
5320
2854
1610
2730
2115
4437
6291
4845
5668
5633
3087
5961
548
2339
3754
6840
61
3485
458
1
1442
1201
3
3803
3467
12
5227
63
11
2643
1
64
2521
5518
3859
6596
2954
6832
1933
2953
4992
7018
2053
25
5102
6013
1292
6022
7252
7072
1754
33
65
66
4284
67
68
69
4427
7135
5
3205
1158
1505
71
3847
72
73
74
2484
5878
6272
3905
3770
2829
4529
2252
76
529
3828
4087
2505
2927
4767
5513
6073
4318
4782
7029
18
3151
2159
1599
2898
78
5582
6814
5971
2813
4128
1625
2047
3284
5599
1231
7375
80
3436
2279
4069
6746
1
6618
7107
2343
5289
81
2493
6205
2582
694
1278
5555
82
3697
2639
2216
3752
3649
2780
3868
4571
6496
2982
1851
706
84
2891
3402
85
6842
4674
6876
7212
1729
86
5355
5201
4721
4809
87
1415
89
1
5795
5542
3175
230
2010
47
4211
4998
5890
5650
4150
1072
7098
2451
5226
4877
3375
7199
6472
3718
4601
6417
3948
3068
4575
3460
2414
1
275
3
1222
4078
1164
90
4436
5
1595
3493
11
3028
4610
7057
1978
11
347
5392
93
2429
1061
5118
1906
95
4341
2220
6867
3196
6176
3525
6379
609
1452
83
97
6027
2400
98
3878
4652
3939
99
7295
4999
1761
100
3165
578
3093
12
101
2789
6637
5221
102
103
4336
6403
2997
1
543
5698
104
3293
5248
105
106
107
6419
212
3085
1814
5295
1592
109
4309
5742
5902
3273
1267
3416
408
4863
4482
5065
110
6548
1936
112
1
3575
1143
4354
1335
4416
5400
4712
6899
6425
3129
5802
114
2359
649
5076
5242
452
2323
6216
7035
4577
1240
115
5072
1345
4491
6408
1561
2872
6157
2377
116
1376
1857
1
117
118
2479
6740
119
2844
6481
5684
7043
120
121
2732
2178
122
3757
4961
2636
5573
5981
2473
1362
5014
7228
3500
3259
3812
5346
4328
2998
5923
123
4110
6903
1425
1
1771
3
3310
3464
5308
336
3660
550
5874
1903
2921
6764
5
499
1396
3287
2056
1
125
3671
2104
11
5787
7139
126
127
869
2005
12
11
4266
2197
5868
129
2608
130
2066
7218
2670
2144
2768
5859
6089
6498
1
4828
6758
5158
1
5465
131
7069
2588
19
3022
132
1596
4381
6150
2683
2797
1809
4218
6257
6314
3482
7233
1491
3727
1794
2402
4853
2691
7055
5368
7397
134
3897
2707
1692
60
1960
6383
136
25
4402
4183
6683
3751
4186
5998
2714
2548
77
2176
289
6123
3313
3237
2737
5635
4669
137
7030
64
1496
5293
2348
3708
6299
6685
1562
2722
2112
5720
7170
1280
3407
3977
140
141
142
1806
1063
5164
2476
3713
4969
7119
277
1178
5259
2870
1
2985
6426
143
1779
614
2074
1543
3810
6615
7099
2550
2018
144
4407
5141
145
1517
2340
5925
6047
2274
7354
2773
4875
4792
1074
146
147
1651
3653
6355
11
6134
11
2631
149
150
4340
1460
151
3026
6656
40
1
1605
1
3
1
2779
2292
3690
3664
4594
3942
7127
6380
5089
2848
1237
152
275
153
5056
548
5701
1685
2912
1156
2283
3950
4070
3394
1672
5
2731
1369
3857
4690
155
6946
156
157
1412
2756
3352
1551
6156
5882
7333
6024
159
160
5274
1179
161
7387
2494
1951
3968
5341
2624
1733
3915
2637
1378
2702
2835
5991
3559
6107
7311
7126
11
1735
162
1424
1703
545
3691
3350
5454
6552
4185
5388
5343
5309
2651
4592
3628
1
1269
3509
1279
6350
1715
4788
164
5313
4104
4887
1352
128
112
3966
5999
5462
1159
4707
167
2031
1
5406
2672
2826
4106
2195
4483
168
6975
5311
5946
6926
3839
335
2425
169
5214
5678
4857
2423
4013
780
170
5081
5812
3372
171
6929
172
4754
173
4668
3176
5527
4000
174
5302
6874
6594
6934
5444
2752
1113
294
1536
3798
4132
176
7039
6317
6084
4667
5061
6998
6503
7042
4706
3832
25
2118
6057
177
4844
33
178
5344
2370
6896
3152
2173
1
3
1228
2369
3242
3774
2094
1751
11
5257
7067
7246
3088
2793
2129
4248
166
5190
5
3371
3959
1
6913
2966
5485
179
6589
1695
1394
3434
1061
3132
3900
2322
6778
6437
181
4464
28
3386
3037
2842
3381
3396
1150
5169
3116
4753
183
1570
1055
1976
3076
184
4676
3013
185
5755
5366
2393
2183
186
7171
187
7012
188
2650
1632
808
151
3820
189
25
3883
6565
6734
4631
1444
2871
3298
3450
3570
1
3454
3974
1749
5615
4872
2667
4406
190
5644
5810
191
1972
1777
193
6851
1404
194
3875
42
195
3746
2382
6035
6562
196
6736
4942
197
4293
198
5856
199
4023
4077
6972
1364
5064
3918
1853
200
1498
7379
4700
6193
511
201
24
2055
5135
202
4611
203
4518
204
6703
7370
6805
1986
2308
4275
2821
4811
5618
5478
5066
6981
1
205
206
6817
7376
2911
207
208
2147
3206
5533
4440
209
4770
6940
1
1999
211
3
2051
4882
6125
6532
3431
5547
11
5916
4377
5144
1042
4892
4478
6165
3758
1408
4916
2406
5397
6931
7325
6083
7054
6911
5173
2755
2837
4808
1290
3199
3606
3397
3967
6179
213
6616
214
4206
5
7080
7359
2495
803
1533
12
3362
4040
6994
7283
4168
2900
3108
25
1516
4008
920
5050
1455
739
6448
3862
6760
7357
7396
273
1653
28
1865
218
7169
233
219
220
4985
4074
221
3067
6700
3783
222
112
3777
6846
1497
166
2977
3843
2587
5405
3347
7095
3763
5548
7240
6919
1
6818
1716
1589
3880
6744
2987
223
6088
6071
3985
6118
224
6222
1324
3659
7189
4494
1601
225
3818
3675
6021
226
2200
5177
5828
6528
6494
2185
2786
3291
4772
2771
884
6495
7130
4242
4497
7243
1232
2996
2782
3267
4653
3893
2720
5834
823
7187
229
6154
5505
1184
4201
5642
1968
230
5212
6438
2855
6365
231
2263
638
4684
2040
4390
5238
5937
1
732
3
232
5
6422
4711
1154
6630
11
1579
6490
3173
3873
392
1783
3696
1864
4404
234
3957
2951
850
1
1977
642
235
6591
4769
1802
236
3796
6265
5842
237
12
3157
238
4959
4324
437
2915
1172
3357
1
4938
6769
2236
1622
1665
1026
29
3607
3585
1234
4799
5296
6993
6820
6992
5385
762
1330
4988
20
5125
4752
6529
7347
25
770
960
4276
5183
2894
5770
241
5857
5107
242
4397
4540
3952
5982
6397
6276
5968
775
3520
4746
6936
4101
2305
3705
3113
5571
1746
5977
243
244
2635
1
1765
1614
5643
4184
3756
245
1645
6602
3369
5558
2767
2452
2080
4096
3163
1789
2309
6477
3630
5569
1683
1418
1899
2882
2439
4102
3841
6928
4578
3058
3330
248
5560
2341
4165
5767
5821
5318
3877
6223
249
1
1673
33
3
250
3154
25
6348
5026
6054
5
251
1325
1426
4446
1962
3188
3278
3563
5805
4084
7280
5909
2928
1229
70
3367
11
1357
252
3854
3989
3307
4189
3609
7383
3507
1374
5480
4145
2410
3429
2028
5090
1819
6879
6996
1176
1628
253
3345
4246
3229
6517
6967
12
2649
3160
5236
1461
154
5863
1264
6539
3579
5152
6599
5702
1694
2310
255
4253
256
6330
4850
425
2261
1717
1194
5191
3782
6518
4648
258
2988
6078
259
6151
1
6080
6113
5352
4899
5777
2544
1448
9
260
3955
1317
1198
3223
4475
4953
6369
5399
5519
3270
1410
1692
2593
6273
4274
3673
262
1471
4729
3342
5252
5260
3007
2231
4303
5887
6346
1282
4807
2526
2788
2431
6918
1641
4121
264
6180
5148
4854
7172
2719
5789
3692
1344
1
5850
6762
4278
210
4398
6319
4386
1916
4590
4109
6803
3297
2435
265
7079
5918
4256
275
266
1
939
737
3899
3891
3
4890
1541
12
11
6863
267
6213
4428
3954
6028
268
2394
3073
6048
1652
1638
2656
270
3975
38
6669
408
6056
2172
11
5988
2744
5122
271
3083
2026
4469
230
272
6020
1470
3275
417
3327
5
2816
2455
4317
4909
7292
3075
274
3617
3815
5741
275
4780
4245
2390
2846
2625
2029
4797
4287
4532
276
3171
2594
5601
25
5324
1631
216
1690
279
6898
5246
5897
6633
6958
2905
3582
3082
112
2354
4212
4098
3645
4614
6023
7366
853
1934
3392
3036
3615
5807
4984
3589
2811
6666
6389
1514
5825
1347
2490
5860
1810
282
4038
3042
283
1430
2834
284
1535
1572
3236
3521
3786
6533
889
408
5192
6158
286
4209
3430
4214
3049
5398
287
6585
5109
2831
6484
3086
6943
5078
1438
2199
3282
4316
4448
2791
1788
869
288
1785
47
7070
4789
2438
1367
28
6293
5592
4567
1494
2119
7048
1843
1
3
4771
11
12
4020
5230
2659
11
7108
2590
758
2693
3046
291
3095
1606
3809
292
910
293
3439
5972
4151
25
6368
1399
295
4234
6453
2640
4363
296
297
2073
1
2876
3440
4818
4159
3194
6828
5160
1557
298
7338
62
1189
4239
3943
5657
5112
6282
299
4447
6620
6759
25
2612
300
6203
1967
2293
4305
301
1
302
5841
303
5070
1938
1423
305
1542
1526
6600
2965
6431
306
4829
7156
6261
4819
307
5753
5835
5964
5
5491
2081
1
5035
1695
413
1935
635
2373
308
5778
4092
309
5646
310
5507
4800
4481
5449
20
1884
1215
408
5816
311
312
2889
4646
7161
313
5866
2468
1147
5565
4630
2247
280
4537
6117
5938
7317
97
2572
2226
315
5891
316
5315
6748
2950
1108
1678
3960
5752
5634
318
4332
1390
319
5765
408
7175
320
4765
1450
321
1
1768
1
3
11
322
6228
7232
2123
656
5224
788
5058
5820
25
6313
5
4987
324
1585
325
968
326
899
4847
5826
2267
2248
2174
3476
5858
3225
5477
327
3504
5774
3078
5630
2992
1
11
5843
4374
4685
3161
1525
2234
1643
4048
5452
2984
3806
7313
6765
6110
1
1
329
1726
1212
3349
330
3595
6784
6099
5847
4362
6187
7273
6535
2807
4506
1666
2471
5716
2833
1847
6492
2978
5476
7111
2044
1148
5608
12
1
3326
6423
3802
6116
7092
239
5384
7245
1170
1780
602
3976
1778
332
6120
2158
3014
333
334
6049
2437
1466
4642
336
4602
6558
5113
337
4840
3031
83
4425
338
5168
2803
6402
2751
7300
6719
5886
1095
4350
5439
3432
1740
4442
3051
6224
3115
923
921
1738
3423
339
2754
4235
340
6714
1669
4051
6132
3478
6169
4195
342
5474
343
1293
4873
4125
6245
6128
6770
1
2211
2739
1220
1492
3949
1895
1
12
3
2886
3071
1443
345
6058
346
5756
7315
6440
1739
5780
2181
3929
5713
5
5166
7136
1687
1
347
5829
348
2408
1186
3224
349
1680
336
3623
6277
6571
3268
350
6191
4980
7182
6687
6540
6971
2540
2049
1885
1391
4957
351
3443
5837
4143
3729
1
1523
6897
6162
6791
1640
4556
11
352
4859
70
31
4031
3755
4939
1263
6690
3882
7063
3119
6884
247
240
4105
394
4269
7124
3636
4764
4434
1530
5672
3339
228
4804
3586
353
1
354
7361
1
3027
355
1502
4903
1998
25
2875
6622
11
2180
7308
4526
4896
356
904
1833
4848
1996
4142
408
2331
7306
5051
6636
3125
2968
6927
7287
1
3214
5003
6124
5010
7203
3353
323
1
656
7168
3111
869
1
5976
2364
4338
6152
7298
4166
4149
5734
6836
358
269
359
360
4174
4670
6149
7255
5970
361
5235
1
1748
3
4360
1816
4562
227
6860
7041
6923
5817
362
2006
3904
5323
6553
7049
6709
4722
2664
1
2024
3722
4604
12
4068
5
6032
11
3641
6962
1321
7371
7382
7241
886
3141
28
364
5989
2578
365
4950
366
1646
367
368
6212
7216
3420
6360
4313
3940
1454
4261
5496
369
5833
5038
2030
6786
370
4131
371
3455
6464
2242
373
5661
139
650
862
2619
42
6815
3833
2552
5307
3564
7328
3633
5663
4724
2690
1582
7307
3469
6905
1890
5193
4114
7122
2716
2597
1351
290
230
374
3265
5106
375
6136
2514
3851
1671
6292
1706
377
2114
5662
4219
6396
4931
1032
6066
87
378
3262
4534
379
380
5032
2190
4883
5085
381
5115
2850
2571
2436
6909
382
6045
2496
383
2017
1
384
385
6159
6485
7173
6122
3142
2241
5039
386
5046
5134
5525
3698
3547
387
5705
4813
5973
5181
5696
6952
388
4304
6183
4001
6374
2253
2016
389
3453
390
2456
1877
391
7040
7319
1387
1257
4196
1
1784
393
3
5342
2048
11
6830
4647
4702
6752
5367
1175
2857
1216
396
4060
1193
2338
5801
1294
762
2182
5
3216
4136
2391
6751
3153
6627
4094
4388
7372
3717
2654
12
3279
124
398
4063
4053
6115
399
3009
7074
2146
1
5009
2645
6621
2682
3538
1254
3963
5556
1393
1271
2808
3694
4587
403
2657
6881
6631
6525
51
1397
3328
6710
6542
405
1631
5075
5563
376
4081
7159
4062
2085
6512
5903
6231
2603
1354
4849
4917
406
4835
1155
1667
5024
3250
614
4607
1815
407
4249
182
409
5924
7056
5800
3550
217
410
2360
1072
1556
4628
411
5284
2460
5475
6809
2697
182
7207
3136
1274
3658
1468
5069
6339
745
1318
414
363
3491
2524
4438
2519
5325
1724
3962
3091
6160
6352
7346
7004
2745
415
416
6694
1332
4342
3924
1
91
4277
6042
4977
1206
1
3
3831
3881
418
5073
2648
4368
4619
7305
1486
5
1285
3970
419
3830
420
3126
4301
2096
1900
3331
5294
4010
740
2297
4626
421
6246
1182
4453
7261
6530
2353
6609
422
468
776
11
3497
2823
4881
3565
5896
7129
6900
7251
1574
981
25
12
3180
423
424
6251
830
2715
4553
3778
6889
3725
5151
1473
11
6184
3388
2516
275
5848
7152
7146
7358
240
1
275
426
4971
6039
6715
427
1674
3982
5456
5487
1260
4476
1453
3747
6443
429
6090
6970
3055
3415
152
5788
1720
3797
4108
3604
1546
5128
2679
4963
6988
6192
7001
1988
5473
7259
597
431
3508
432
6550
433
3117
6510
2629
1463
1764
434
1633
5590
1989
6653
435
2847
436
7097
2611
4691
2605
1631
28
2421
5131
5241
4525
2418
4885
3677
2819
7345
2865
6096
1401
3422
2668
2396
853
2232
3771
5087
4302
438
9
1406
3486
4192
1
3489
2100
7227
2858
2878
2237
1174
440
441
442
443
1984
2591
1
2230
4580
2684
3186
3
277
3384
2175
2021
1
3000
444
445
518
2027
4227
11
6055
3999
6153
3319
1350
5155
91
2558
5287
446
4750
7174
4810
12
4250
2127
3228
3389
6451
5
7335
3285
6148
2661
6983
4666
447
2897
4488
1766
2374
1744
5521
4090
7033
6019
5694
1508
1722
1242
3070
1
6400
4015
5391
3680
6197
6287
1217
4291
408
1380
1602
449
1420
6220
1191
3745
5712
1992
1867
1
3817
6063
2077
3488
5535
5813
6605
6474
5932
5429
6614
3056
1706
25
5417
7398
1686
5129
4004
3979
5926
451
2102
2711
3819
1527
1249
3354
3870
7258
2525
4944
3678
3148
5312
3483
92
4664
4233
3178
6312
5120
4709
2276
6243
6721
1
5052
4423
2143
5455
5084
5301
1529
275
6067
4925
4460
6284
5223
1810
1161
5567
4417
6866
6611
5681
5921
5699
6164
2662
1721
4995
4157
4600
1782
453
6816
4426
454
5779
455
2161
5931
7020
4814
1
758
3
456
3272
5088
5761
314
6211
5729
2535
3057
7263
11
1135
7109
12
450
4262
2069
2959
457
3494
4895
6064
5079
7186
6718
3338
5
1648
5493
4264
4740
7247
1276
1035
4144
4140
3916
1531
6332
3358
6315
459
6942
4993
5786
88
1959
1400
1
3470
4608
460
3474
6446
25
7257
2255
3122
1199
3922
461
462
1251
2804
1893
5793
5427
2729
5677
6674
463
6411
6316
2701
4366
2064
4349
4120
464
5137
6652
3850
2929
897
2538
357
6357
791
6856
6230
6990
5027
336
602
466
467
4058
1372
2903
2757
4627
2445
18
28
1821
2914
2792
3902
3714
5005
2091
470
425
2734
4786
247
7321
2952
471
3030
4207
1624
5549
11
4951
6298
1
2019
2806
6826
873
1909
2404
1447
3311
5489
3539
4376
6597
472
5376
7009
275
5211
4865
892
473
4798
3657
3737
5811
4552
474
2665
475
12
3
1
424
1860
5206
2291
476
4504
3518
5
4003
6421
6182
2193
3780
6275
1214
1534
477
4260
4677
3644
4032
4509
2817
4962
6606
4384
1301
1545
1
1
478
3544
3241
2596
5479
1506
4334
1970
2576
2486
1395
1583
1719
4173
469
4541
3096
4272
6825
2009
5636
480
7223
6847
6801
448
4775
6394
5033
1636
6262
6910
1792
3643
6258
4054
5935
5647
7368
1843
661
1488
70
5889
481
5907
4952
7166
482
5722
6468
6930
2970
3425
1566
4018
275
3484
2638
1757
7193
3368
4918
4221
483
1
3945
484
4785
5928
7091
6356
7158
1487
7267
1248
3794
4429
1114
6009
5631
3889
2166
485
4821
3247
4257
6878
7147
5139
6573
439
4523
4270
2000
3479
5576
18
1
5202
6673
6839
7296
5723
6186
4717
3166
2920
2152
1272
486
1880
6549
487
5537
5879
4179
5591
6240
7369
488
5185
2099
489
3263
6233
5500
6387
3370
2930
7002
1363
490
1
1011
1243
3
6008
4012
87
4547
2676
3356
1167
5910
491
5195
1224
1323
25
3919
1565
5020
4954
492
5207
493
3181
2052
1769
289
11
5759
494
3306
7007
6452
6838
2995
2208
1812
5990
4904
6388
3081
5426
1787
6737
495
2424
496
3512
7404
1538
376
6643
497
2758
4531
6281
6882
2814
6127
2546
6327
2948
2397
6781
498
1270
1542
3385
5036
1027
5091
12
500
501
1878
502
2356
5101
6340
3017
6279
503
5217
75
504
1
505
506
3020
6750
6321
6937
3448
1
5
507
215
508
509
5446
5692
510
6584
511
2250
1
3654
5510
290
3546
4703
6538
2549
3463
2861
2461
7367
5607
2555
3337
4039
1997
3568
512
6705
2934
6871
6044
7213
408
1925
122
5706
5047
5763
5445
2940
3209
4037
5914
513
6989
4490
1820
2122
428
4164
4620
6442
2841
1704
3315
7181
514
4728
7238
1483
515
3767
1478
2233
275
2983
516
6460
4833
4431
1564
3304
5543
2828
4470
439
6338
517
1
6343
5873
6247
7061
1
1
1
1675
3
5
519
5124
12
6377
6297
5432
1973
520
5917
5980
521
1334
6798
3703
5619
6155
522
523
2101
5386
6777
1085
4147
11
7151
6455
3558
1467
4975
524
3174
1281
1490
3301
1870
4716
3411
2442
5132
2642
7005
5564
2851
1758
1082
5381
275
1966
3768
3548
4155
5410
5621
5470
525
2784
2916
1169
4613
3684
3549
4487
526
2313
3938
1608
2708
304
527
2264
528
6351
4290
3054
3655
529
3804
3888
1858
6130
2999
2103
4928
6724
1877
7351
2836
1619
780
4986
7103
4568
3498
5956
1732
1905
3156
3269
4133
4597
5126
530
531
4432
3099
776
1303
3128
3981
5434
2537
5986
5451
1817
6414
2326
3716
1
2086
3383
1
397
3852
6732
5149
1879
5639
6331
3917
3749
2610
2409
1499
534
5559
3276
2499
1627
408
4735
2093
852
535
536
2880
6678
3499
1
2810
537
1
538
539
1829
1896
3253
2403
2705
5382
7299
6447
2299
6755
3567
5606
540
2522
1882
2802
11
5568
182
3620
541
30
1
3
2347
2763
1432
4411
5945
1894
3701
182
4208
6887
5727
2856
7116
5939
1185
2068
4748
124
5232
544
395
2517
6006
1296
4692
7363
1873
546
5326
7334
2368
4733
6195
3707
7167
5686
6105
2939
6171
4375
7047
2022
1593
1343
1519
5468
5438
549
11
5361
5
1236
5365
1604
551
1
3355
552
6587
2580
6720
553
4072
2294
554
6523
597
5303
4533
8
1
2270
2089
4496
5015
7339
4443
2551
2325
4524
1
7191
1319
2595
1
650
555
12
556
5231
5196
5509
557
558
7024
1919
5448
7045
1946
1
5042
4874
275
3515
559
7231
5354
7003
1928
2268
5114
1630
4791
7279
1705
2478
3994
2512
5362
7017
3879
560
4783
1275
4774
2039
5423
4230
561
3011
7088
7309
1306
6341
2281
4100
5297
4795
1173
6912
5853
5363
5827
1246
4672
5581
2843
6869
7090
6701
6412
1947
5495
2446
563
3510
3534
11
3207
6232
3019
2254
7162
1532
1603
564
6200
5001
6682
3906
4824
1
1980
3
2956
2238
5
4831
3687
565
5278
5888
4538
11
6398
2244
1617
3329
566
3602
1341
94
6935
729
568
12
6322
4387
569
5782
6373
6890
25
5413
1
2993
1940
1099
5053
4203
570
571
1
572
573
6716
3667
1894
1
1144
1018
4996
5659
1581
217
5947
1773
2655
1
1956
1737
5071
3825
6796
3361
2761
6030
4474
5443
6850
1162
780
2575
5514
574
575
5492
576
3665
7274
2213
4943
7008
577
6017
5130
1
1510
18
5790
1289
4347
5263
5588
4413
6861
4258
579
7304
1912
2082
4030
2974
2766
5719
3887
6450
5708
7059
2532
336
1989
2933
2070
1
4945
5424
580
4295
2458
6508
7153
1
2321
1398
581
3100
4228
582
4064
1745
4880
6639
2680
3555
412
1244
4501
6204
1204
3442
135
584
1
5198
585
4693
5105
586
7106
6458
25
2626
2962
1881
2120
5670
5140
5632
3159
4787
587
3016
1824
1796
3869
3836
5280
1
13
588
1939
3
5703
11
1609
5735
589
3801
590
591
276
6789
12
5
1994
592
4542
91
4641
1842
11
7178
7089
2960
6449
593
594
4176
595
6142
3972
6345
6429
596
6479
3616
4315
5402
5104
20
4327
2485
5667
4282
6619
6052
3041
1635
3622
6095
533
6185
6546
1099
1554
2671
1331
3856
6757
3571
7028
598
1868
2003
1297
25
4041
4970
6741
1459
1450
1655
3280
2896
601
2874
277
6085
3739
5407
5138
7340
1218
2363
977
11
1937
602
6519
4034
4593
4565
5501
3787
1035
5150
4766
603
604
605
606
3414
607
1392
1115
608
5603
4124
425
4922
3666
2503
1901
1547
400
3909
6858
5852
3158
4699
1358
5418
3681
996
5517
3913
2350
7165
1
4869
6907
5758
3079
3572
610
7297
3184
6849
6237
4075
611
780
612
613
1969
5736
1308
615
4585
616
6108
5784
617
7068
618
7101
5136
6410
4759
1594
1151
1
3
3700
620
5892
621
5673
622
623
5
2251
1631
3252
3105
5433
5045
6194
3961
1
2573
11
4535
624
2938
1365
448
4273
394
3502
625
1520
2776
6985
762
4027
42
7143
2760
4344
744
3619
5674
1615
6025
12
5037
7394
4825
2923
7026
7075
3447
1848
5775
6895
3535
3596
5845
5194
5532
4046
2827
1711
7393
1457
884
4718
626
5000
5330
1811
7064
1
6806
627
6696
3140
1404
1823
2125
6268
6004
3468
4505
3424
4463
4280
628
5744
629
630
1682
24
2566
1968
5748
33
4563
6808
2620
631
632
3844
5409
1539
6577
6161
4378
4050
5255
4946
6845
4394
3864
7192
2703
2328
634
3283
3731
3901
3545
4486
2910
2358
7105
5697
4180
7205
2673
1326
1100
2398
5840
7053
2892
62
5711
5596
4389
1256
1578
780
5093
2630
2675
5522
5707
3524
2945
2097
4838
886
2361
6336
3333
3750
5074
6691
1756
6794
4405
5403
636
637
1302
1
2812
3748
275
1
3
6106
1974
2132
3625
4298
1209
900
4095
3077
5421
2864
5628
2139
5
6469
639
1839
6554
2764
1826
4623
1504
2151
4683
741
6390
1437
5898
641
5063
642
7330
5943
6300
643
11
2164
468
619
644
4395
6551
3761
5176
3034
3426
6264
4498
2727
2919
25
2064
2245
645
646
647
398
648
1799
4216
6318
1381
651
4259
5013
12
2057
3788
1
6259
3872
4958
2302
6381
652
6370
6638
7208
2205
1623
3048
4510
2981
3172
2964
6595
5575
653
7078
5754
448
1804
2775
2317
4139
654
3561
5007
4485
5331
1914
4161
1300
2188
762
3648
25
7013
3651
655
1422
1
4924
3587
739
657
2528
2278
3202
5804
3526
7384
5772
1261
2415
1513
3597
4906
5528
6902
6613
7362
4297
1642
4171
904
5175
5497
1485
3853
2958
542
1
4014
1560
2426
25
3359
658
1
33
1712
3
2991
1741
4191
5142
2547
2564
973
6038
5334
4701
1577
2284
1677
1581
6270
1832
6917
4372
3351
5561
5
7284
4545
4170
5357
852
5273
2011
4265
1298
1866
6536
6491
6601
4698
5640
5570
659
660
3928
2579
6543
1329
1801
4289
662
4480
3405
663
614
6046
25
1227
3062
3601
2169
2918
664
4281
4743
6463
2696
4913
2384
3598
1
6506
7031
5251
2899
1621
2075
3177
5233
5436
6947
2790
2332
6961
5967
7083
1571
2098
2480
665
4982
6632
3519
5077
666
667
1985
6925
3865
1830
1266
1
1119
5580
3366
669
3637
7065
2141
670
5979
5254
6010
2405
7386
5008
518
2306
671
4762
4177
5080
4694
3053
7125
5881
5574
6401
4457
672
6473
5656
2285
2733
6640
4905
4232
6486
4467
2201
6033
3316
4279
7034
48
1787
5728
5905
4551
2925
4595
4022
4621
3686
1
138
1742
673
4837
4934
5962
2646
850
3947
1421
2825
6556
5974
2883
675
5948
6226
6914
4511
676
6307
5864
4778
1
819
904
4549
3452
2979
3
677
3910
678
7117
7234
1268
3896
331
1698
124
2149
4851
3540
6252
6738
5504
6072
4522
12
7141
2577
7076
3323
285
5103
4900
5486
5
7254
14
6139
679
5338
2973
5153
6645
1
6126
3182
3574
680
3517
6015
6626
3772
11
681
921
1607
3008
2465
4160
4415
6672
3066
2887
2506
682
6405
1
1578
683
4793
11
5824
6304
4606
6788
3926
1861
1808
5161
6470
4056
6686
684
4369
685
854
2366
2877
6445
398
5726
6031
897
4430
686
2447
4466
1750
6324
6754
4649
5665
2059
3144
4574
2700
5484
687
5225
2130
3260
3109
230
4572
688
6623
2838
689
5814
7329
567
1533
2805
4566
2459
690
3744
691
5908
6771
692
2969
2376
4057
5288
2165
3221
6854
4802
7332
7350
401
2002
2613
3317
5222
4723
2957
1681
693
1061
2204
2583
1556
3
1181
1659
1
1
1099
1166
5499
4981
3903
4697
1982
5
2020
12
4462
3885
5270
3286
4911
6521
3098
695
1055
1202
1770
2713
3612
3733
3324
1
4424
2947
1
696
2033
1720
3533
1767
5577
3444
697
2989
698
6428
4361
2312
6366
4658
699
1818
3465
2467
2859
776
4435
6308
1515
4300
700
1760
1751
701
702
6478
703
3121
704
2060
2541
705
708
5204
706
2163
1309
3695
707
6309
5613
5554
2320
6712
6625
2815
2227
25
1
2922
11
1314
709
2300
5768
3927
4912
4929
7110
7132
275
6668
5412
2795
3233
4947
4832
1978
1373
4217
4194
4763
6239
5508
2266
3052
4956
710
711
1887
712
6129
2133
713
714
715
2666
4371
5978
3418
5803
716
5441
4855
2324
2379
2221
2
5215
1640
4923
2681
717
2913
3419
4310
6939
6119
2774
3170
7177
6901
3759
6121
1
3
3203
718
6229
6362
2554
6060
3451
5265
165
4493
719
6675
720
5
3403
6256
6586
5213
7373
5757
1585
230
3226
4836
4536
1576
2627
6209
2742
6188
7249
2520
721
722
7265
5929
1427
2427
11
2375
4283
4914
723
3823
7264
3408
6278
5913
7198
4598
7137
2365
397
4459
3930
4530
6087
6522
2560
6359
4321
724
3709
3911
6880
4730
4967
5893
275
965
1419
3516
285
4841
4861
725
3341
726
727
7236
728
5649
4910
2949
1680
3669
1370
4755
3496
3800
4661
5836
3064
5145
3562
6628
3998
661
3373
4503
730
5095
2225
2504
5797
3191
731
1187
3576
733
3738
5682
7204
7214
5762
6488
1926
1723
4122
6476
3937
5199
5022
11
3230
734
6420
4584
7242
4852
1
5277
2633
6662
819
735
4339
7342
395
4314
3724
6131
6168
736
7046
1165
7290
2762
6857
7179
2352
4193
1590
1
1180
3
11
408
2862
96
4296
5472
6968
6649
738
7403
1431
3793
4401
3522
5715
5904
7320
2738
1320
2153
3951
4115
5408
3983
6511
5
4451
1500
5997
4006
6545
41
1405
79
3044
3600
3348
6081
6012
5057
2385
7341
5900
743
1338
2513
1044
4784
4465
2884
4908
6406
3858
2314
6865
1552
283
2935
2289
746
25
3060
747
2168
1725
1718
2168
4083
5655
3435
5041
2961
4714
4583
5189
748
4940
749
7365
1414
2160
4514
5322
5483
2411
5851
2740
1205
6337
2725
3190
3145
2015
3871
1825
2634
4582
6904
750
6883
2138
3065
2224
5163
3281
751
6575
752
7180
6016
753
7115
3043
3842
5578
3363
3760
6198
11
1549
4071
2157
6040
755
2171
1609
1072
3590
1921
756
1322
3682
5170
6386
757
1295
5586
3822
5261
759
6650
6916
5539
1964
760
1417
5266
761
6513
4519
2781
4021
762
3542
7038
1177
1585
3821
4907
2345
5875
2622
1495
2469
1
3
3321
5422
11
6955
2448
1386
11
5
2032
764
5285
2975
4163
6852
3162
765
3627
766
4508
1892
1
2346
767
3829
4651
768
2187
2483
1661
1171
3220
2487
4452
3227
3971
4107
7050
6566
7183
5068
6280
5637
1813
2801
3527
4355
3461
3908
2798
6489
769
3406
7266
1135
2330
1469
5335
3379
4055
3456
5934
4637
4871
2206
7222
7401
1734
246
1668
5595
5854
2023
3621
771
2698
772
4400
3594
2275
5353
6037
4933
3936
1923
1597
2420
4561
773
5253
6234
5960
4473
3320
1762
2428
2142
3824
3308
4749
1638
2134
4169
3380
7085
3112
3335
1219
6944
1440
2148
341
5247
774
4686
1743
6354
6932
1
1456
6843
3726
6986
6812
5279
5031
2743
1247
1581
13
3732
869
91
5370
777
6301
2663
2822
6768
568
1
2623
151
5372
4450
6499
3208
5605
778
6560
1875
4353
1061
5319
1
7303
799
1
12
886
3
3274
4794
4182
779
5664
6598
6735
2269
1445
3503
1948
1024
6676
4834
781
5017
275
4550
5
5995
1572
6439
2319
1854
4935
3808
5356
6646
3505
2652
7015
6938
11
1371
2839
3391
783
7229
6908
3807
2137
784
4385
2765
2559
6005
785
5425
3626
1640
6922
786
2116
5769
1286
7149
5732
3063
2489
5205
5119
6706
7200
7356
4965
787
7392
1840
3094
4949
2419
1522
5749
5299
3325
4162
2592
7289
7209
1793
1759
2202
3417
2209
4419
28
4650
25
789
4737
5880
6779
790
1353
5481
5471
2432
2162
1863
2084
3876
3302
5611
6349
7094
6070
7195
5955
2388
2046
897
3647
5272
5587
6399
6949
408
112
4016
3487
792
793
3991
5327
1891
5806
5466
6581
70
2259
2753
4312
4805
6376
1
6320
4603
3179
3131
1168
412
2863
2644
794
5310
5766
328
5544
869
4065
1
795
796
5526
5957
4801
6749
3137
797
7134
192
1981
1932
3652
408
400
2327
798
458
6841
3103
6502
4978
1
1503
1
3
4827
4564
800
6208
6170
4146
3032
4715
91
801
2184
2246
275
1389
802
803
2336
5625
7217
2907
1996
2658
804
12
6461
1908
4665
805
4454
5
4960
1883
5750
4345
1
3243
5975
3305
47
806
1511
6723
6956
1403
5228
5751
809
2362
1714
810
6624
5610
1728
1871
4643
9
6059
6933
3593
729
6873
6651
1
1468
4696
5339
6221
133
5457
1534
4983
6367
5482
2290
1963
2095
1337
3458
5654
1074
3670
2941
7176
1
5111
588
4035
5116
2235
4222
2609
3410
4657
6702
3244
4731
2083
812
4085
3169
813
2078
6782
2893
6982
2695
261
4392
2087
3935
4842
5511
3164
2678
25
4036
7145
4898
2041
2262
814
815
816
5172
817
818
1383
6415
7402
7391
4790
3766
1
6329
2407
7060
6974
820
2043
2277
22
3513
821
1930
5337
2820
6462
1889
4477
4682
930
6569
6069
5764
1
822
1339
3
6086
3742
3531
5993
6094
1955
3553
2
6413
5819
4103
824
1912
825
1
2228
826
12
5
4396
827
6266
6288
6441
7019
5822
3584
3557
828
829
4745
3024
7133
18
1299
263
4099
6091
7016
2704
5349
3816
6306
6286
1870
1259
1196
831
1841
5844
3541
3477
6135
5171
5791
6541
4017
1
4830
6695
1658
6780
1670
5021
5237
5792
2387
4926
6358
5460
4815
5823
6140
1917
6747
832
1238
4158
1699
4495
1
6822
6167
6382
4625
2315
6756
6870
3047
5282
6844
2692
1
4204
1568
1553
5094
5044
5300
7052
4202
6725
4129
1145
834
4624
1772
3149
4826
835
2113
6283
5760
2599
6954
6745
7271
3295
7374
1587
3973
5936
3530
2256
837
7073
5895
2449
2013
1730
838
839
840
2207
1925
5490
5208
7301
6196
2963
1368
2038
2601
6361
842
4616
7144
843
7272
1588
799
4292
844
6833
845
5920
6385
6100
7140
2219
846
2007
5345
4727
5704
847
5059
6604
1
808
6407
2845
1663
1979
848
849
6921
2218
1915
6375
3387
1
1342
851
5884
3
1952
4773
3944
4154
1356
3554
4126
5951
7006
6948
853
1361
5
854
2395
3573
4520
855
4548
5383
6906
799
5883
2674
6561
4555
1558
5641
1213
915
2567
6238
3551
6218
3231
12
3015
1392
1413
2229
3638
1567
5551
7142
3193
4134
1774
1939
3805
5846
2334
5583
4357
6973
7288
6773
2062
4135
4479
857
858
1637
4921
5049
1055
6163
25
5187
3201
1902
642
5054
4713
3543
859
6783
2868
1
6514
3813
1
4777
1562
860
3693
1649
861
3577
3040
5375
1
4846
2110
7281
862
2287
3127
4817
3867
4638
5944
3147
3466
5911
7051
2482
2039
4026
5530
863
5700
4736
5099
3110
180
5360
5264
4879
5714
6567
7084
2210
4141
4500
864
865
4856
7294
7256
1436
977
1233
1755
3010
5627
3631
5614
3211
5182
7326
2105
2926
11
6112
4955
5328
6800
5269
1954
1
3
3996
791
5374
841
2329
4445
6250
868
5
6310
3089
3135
3360
12
1
1328
870
5389
2472
275
4112
4049
1803
7202
3183
3395
7322
163
1163
3668
4941
871
4243
872
3933
1
5178
2061
4391
2357
6217
4073
5347
3712
4760
6730
417
853
3720
3946
4868
1493
3679
4421
3003
3185
1346
6007
6103
4346
1697
3012
3795
2035
921
5690
6497
4576
5832
874
875
5469
3528
4033
4178
3334
7323
1
1
2337
3101
876
277
5419
2530
2909
3155
6875
2706
633
877
1807
878
3332
879
580
6831
7118
2500
3080
7219
1327
269
3728
2477
811
880
2852
5666
6763
881
3884
2063
882
6872
1886
5709
25
6811
1562
33
1822
1037
4719
6172
4932
7355
2271
2777
6002
1
4190
1200
5503
2866
4076
6888
560
883
408
5034
1580
2849
5965
6671
7157
6580
275
2990
807
3050
3581
4546
3735
3592
3344
5799
2239
3603
1433
1
2735
3
4380
5
3855
885
4007
4979
230
11
408
1195
3969
6430
1644
1451
1458
11
3523
4656
3734
5143
6371
888
5062
7113
6813
6505
3005
1
3412
6391
1210
3256
1252
890
4858
4043
3457
4111
5245
6772
891
6177
6658
3004
6434
1
6557
7184
1464
893
1484
650
6061
4990
6372
6574
2450
7302
545
7337
2818
1435
2669
6424
1838
937
3674
3459
754
6603
5167
5256
2076
1907
4080
2179
4663
5783
6225
3826
895
3529
4886
3995
3898
5963
1753
1544
6296
4456
6642
3213
5629
2712
6661
1153
3433
4330
2258
2001
3118
5117
5110
2072
3271
4507
5743
5550
3840
3569
896
3427
2772
6743
6480
1518
2824
6570
5447
3437
740
4153
898
3106
7316
899
1429
981
2474
2967
3740
6326
5839
3997
2796
3475
7318
2054
2563
3834
1355
856
6893
4240
4224
377
1752
1656
5186
3217
901
902
2618
7277
6827
5593
7399
2273
1944
6260
903
869
6101
5562
6537
6487
3138
2457
4367
1284
1
1662
3
905
1846
5180
6482
1616
3676
3294
6364
7239
2749
1
2383
3781
1849
2586
2124
408
3932
7148
395
5440
25
2602
7100
6588
674
5291
3663
2131
465
3784
6837
5250
6797
1366
1833
11
5197
6471
906
3255
5
1799
1292
1
257
1
4589
1624
1911
1304
4091
6547
1731
1798
5919
737
1146
28
5002
1044
5083
6810
138
6792
5428
6821
5524
3215
6076
1
1
2167
408
1679
907
3343
2748
1428
4622
3232
6457
5954
4972
5097
7010
1897
548
3785
1221
6146
5871
6068
6564
1336
2203
869
6568
5100
4803
5738
5651
908
6795
6190
5572
4528
1
1961
25
742
909
4901
3501
1434
5725
6593
5901
6074
6708
6790
1831
3704
911
4002
4444
2434
6248
7000
5268
7062
3390
912
5966
3251
3837
6775
6475
6347
2416
6799
913
2943
275
1620
3038
3195
914
2686
2121
1509
148
4351
6578
5730
3790
916
3018
917
7282
1
4198
3222
5082
918
1
12
3
3069
1834
599
867
6075
2492
6524
4739
4489
919
7349
939
1477
1479
5
3764
3912
6294
5258
5952
5414
6534
6731
856
921
1965
6526
4285
5740
4403
5133
3640
7123
7155
7378
290
4461
922
6201
5536
3061
1407
28
4679
924
4412
7120
7269
6722
2106
925
2136
6325
2198
3248
926
2689
2243
4441
4225
5653
278
2545
954
3097
927
6219
6202
5885
2867
6785
5028
928
4484
3130
929
3848
1230
3845
1696
2012
6819
4860
931
6444
2303
1608
6877
6635
5776
1
850
2333
3490
887
6274
2501
4009
5534
5220
5675
6392
4323
737
7188
7150
1727
932
933
2994
934
7268
1763
3288
4554
5566
5546
1253
1629
5404
6516
7082
7344
4678
3413
152
2288
3920
4966
5011
2568
7201
6572
4175
1676
3846
3827
4557
6868
5983
2617
7058
2976
935
3814
2832
275
1
3
1
3266
936
2980
6804
7285
4560
4044
2647
5147
6555
36
2574
7044
4870
6707
2621
3114
1208
1
6043
11
6776
6667
6144
1475
5
5598
4352
6576
2799
16
1573
4645
2615
4609
6507
938
6679
1991
2853
6111
1441
5687
940
4409
5188
4591
5162
11
941
2004
1
5494
2155
866
942
2222
5401
2728
3092
2869
3779
6964
5710
408
943
4137
1512
6563
7211
3249
836
1943
3685
3212
944
6227
5815
5745
945
5348
2904
4543
7230
2509
1650
1634
1
4410
3438
3258
2616
819
2342
1950
6957
1786
3029
7093
946
1941
3189
4237
4093
5098
5121
6924
4187
5506
1693
3835
6500
2917
947
1305
249
1776
948
6590
949
2908
6166
7025
1844
1904
2747
424
83
4897
950
4689
6014
4307
6311
6663
92
4843
951
3921
2466
5679
5340
952
1918
5275
5626
953
6692
3591
2942
5688
6147
4471
954
955
11
1666
135
2413
3632
1563
1
3
4581
6207
956
1439
957
3886
958
5387
6711
2079
568
4379
959
4029
3642
5658
3914
3646
7278
1377
5
4586
2295
3711
6189
5210
3769
5773
4517
3753
5849
1480
6097
5055
285
4333
961
3376
4299
7164
6395
11
1550
1910
444
1207
5877
7138
4891
2008
6681
1781
7348
3296
2972
833
963
964
3495
5096
1472
1223
2090
966
3382
967
6215
7262
2389
7102
2443
3662
2724
6855
1
2885
1190
5557
5229
6244
969
2534
1600
5184
3634
2304
2536
970
408
1307
2367
4639
5461
11
5969
4605
971
2257
972
6003
2249
28
3238
1160
5855
974
5516
975
6848
1288
977
978
4011
4617
6178
25
5351
3560
2351
7248
5624
6959
4673
4213
3566
979
4644
4687
4989
980
33
547
2556
3445
240
2272
5416
1273
982
2589
6363
6328
7154
2214
5950
3689
5154
2581
2065
762
5922
5498
6404
6459
2440
1869
2901
983
1
1584
3
1349
3240
3583
4117
5203
985
6729
1713
1836
3987
3978
3314
5
6835
2553
986
1700
5395
3006
987
1609
3892
3736
6174
5523
3613
3791
6670
3956
450
4116
5209
6641
5200
988
2162
6342
6834
25
2344
3033
1245
3762
989
1
83
990
6436
991
5994
992
6915
4976
6886
3874
4079
4231
7336
2717
993
5724
2058
1582
994
5040
995
7087
3146
1
1382
1115
1647
2014
2470
331
4337
3934
6699
6133
4695
6953
3472
4915
976
2128
3264
5512
3254
5915
6092
2045
6249
3133
3556
430
1265
1211
997
5267
640
2433
998
3608
1666
5906
2454
2632
3197
5373
5746
999
7270
1000
7381
1
6787
5612
1922
1028
175
1001
5585
4271
1002
6456
6979
6050
6807
6527
2924
1003
904
3536
2628
5459
3303
1691
192
7310
335
1827
1
2527
1004
4964
5540
3699
5589
5953
3245
6065
4655
2726
5016
1005
92
3
11
1871
4088
1
6026
1795
5
1006
5025
2932
2378
6077
4455
6617
1
1709
1007
6454
1008
2349
6920
6891
2392
1009
5283
7221
6344
1688
1
1239
1828
7235
7353
11
1010
1061
2746
4348
4019
5685
4365
1736
6767
4373
4383
3656
4633
3941
780
3059
344
3312
4241
1011
207
2217
6465
2025
2491
5529
4948
3599
4382
2723
5781
7066
3322
5733
1012
6802
2955
408
2071
1013
25
894
5306
7037
6520
6689
3289
5739
2787
5515
1805
7293
5023
1613
2117
4229
3894
5271
4200
3290
3743
1014
1015
6093
6206
7036
2533
6236
1993
3765
3480
3958
1016
2311
2280
4747
4130
1152
1017
1018
7190
4973
2422
5442
6987
6941
2107
1862
5304
1019
1020
5430
1348
1022
6647
7291
4408
4335
1953
4579
5693
1023
1388
1025
3721
1026
5676
275
2162
7023
3150
1
1027
1315
4236
4756
3986
3578
5683
1375
7022
1030
4779
394
444
4028
3365
2518
1031
1591
6960
5123
1449
7352
6966
1033
1034
1481
5717
2736
4516
3441
5004
1
1313
3
4680
6175
12
4119
1310
3481
1036
6664
6977
4725
7377
7244
4660
1476
4370
417
5785
2778
4197
5156
1038
3449
5831
7275
4148
7225
5984
1628
4393
1888
4704
4705
1039
2800
6753
6583
4734
2088
4024
4671
2286
3299
4005
2879
2542
1
70
1040
1041
5949
7021
6173
6963
6969
1042
1983
4205
2265
1043
4364
2783
5899
5060
2570
2154
4864
5286
41
5
3610
1949
2508
5108
3035
5876
4326
6829
3992
1
2401
7185
6742
962
4768
568
1649
3715
3210
3246
1045
5240
1046
2067
3861
5157
3198
3277
1047
4172
1384
2488
4968
1929
1835
2212
4654
3953
2600
5314
7210
7197
1048
6427
5894
3107
1626
2511
4322
5912
1049
6859
4199
5620
4263
6242
7385
5616
4047
4042
6774
3025
7071
3428
1050
5689
5262
1850
3257
5350
4559
3421
1051
4937
3401
3661
1052
7360
6544
2037
1942
2177
4927
3990
4066
1053
1
4820
3
4472
5292
2529
5
3624
2355
1747
47
3364
1054
3789
6001
4796
7286
1582
5865
6976
562
1
1359
25
1055
1056
5394
1
2584
1057
6416
1058
5648
1059
11
1157
2721
4742
1524
1060
6393
2386
2718
1689
4632
2135
4675
6980
7405
1061
4118
1639
568
5043
6062
2770
1062
1258
5030
1064
6285
758
2944
4086
3235
4422
1859
3204
4588
5861
1312
1065
6289
5276
7011
2412
5502
1066
1067
5450
3104
3102
1188
1971
6435
2543
2641
2895
5377
2677
5609
7276
6648
7312
6509
1029
1
1790
4286
2688
5552
3860
3890
5329
2986
5244
6493
981
1068
6684
3635
3988
2699
2052
6141
1069
2240
7112
7395
1660
3378
5737
5159
6053
1070
1071
2873
6853
6660
2189
1
3292
2301
3039
5941
3219
1073
2759
5623
5092
3506
5867
6728
2092
6655
1446
7314
1
1192
1
3
5
5174
6713
12
4615
11
4399
5321
6000
1075
578
5638
6592
3719
1076
1927
1203
1077
3629
4255
7343
364
4994
2890
3187
1078
2515
1099
4634
2464
5545
1079
5369
1684
281
2607
5249
2170
7226
151
5531
1080
275
1287
4920
1081
4726
2523
5959
1521
3611
4308
1083
5830
2614
1084
6433
1655
1402
372
4515
11
3964
4294
4720
4152
7220
7077
6559
5243
2785
823
3683
4893
2561
1086
108
7194
2557
4761
5019
5431
4599
1032
133
4343
2417
6978
7014
6629
1
668
1028
239
6
25
5808
4513
3446
1087
7364
4822
33
2140
2042
1
4210
5179
3965
4181
1088
1089
4867
4319
1090
1091
1501
650
6210
5165
2936
5464
7215
6634
6951
2316
2192
4997
1528
4816
5467
3688
6950
3398
1092
7237
1872
4640
5872
2510
6323
3143
2296
6531
7114
3400
6467
7128
6726
3907
1093
3866
1094
4420
4612
1385
1
6677
3588
6305
1096
2653
1097
16
3409
1555
5332
1098
6378
6945
1
1970
3
763
3300
5
4758
5771
6483
4635
7250
2453
600
1616
24
4188
4894
3650
3261
4433
5718
2860
6894
6644
2687
11
1262
6717
4223
275
1465
1852
1101
6269
6018
1021
2036
6137
7400
1482
402
3706
4889
2830
1797
6290
1102
3773
1612
1103
7324
5018
2111
3580
7081
3895
1559
3021
1598
3552
1104
6515
3492
4710
7206
25
1105
404
3072
2430
5660
1106
1107
2902
1316
1283
7327
1109
2260
4681
4156
4744
5691
1110
6384
1111
2694
2381
113
14
4267
4823
5218
4288
7096
5290
5933
2145
578
28
4492
4089
4247
408
5996
5594
3239
5602
3931
6104
3309
1898
661
1411
5359
6098
5579
5695
6995
5604
4741
4902
1112
2906
1696
1061
6353
5538
4082
5818
2441
3838
4113
3710
228
1995
4558
6965
317
1
2881
1409
1945
4776
6114
1710
1540
2371
3980
6109
2888
5437
4449
1474
866
3723
1
3
3399
11
1183
1116
3605
1117
182
1611
43
6432
6657
7389
5930
4991
6665
1581
4781
1118
2565
6693
4468
182
4067
1250
2585
3318
1120
1569
6864
1121
18
5
6051
3792
111
2769
3511
5358
4123
1657
4884
1122
7260
6302
6824
6997
856
4570
2399
583
1575
345
5333
5006
3799
5645
6892
3702
7121
4418
4502
5379
1123
25
254
5731
3120
3234
1124
5029
5584
6082
2502
2186
5
2660
277
3377
4458
1125
2034
83
5838
6334
7086
1958
7380
5415
3863
1
1707
1126
4167
2569
1127
1128
1129
5463
1130
5488
5281
4757
1131
1379
6181
4499
4751
4936
6466
1132
4329
984
2794
3849
1133
2318
6704
1134
3001
6608
5393
4306
5652
1311
2050
1241
4311
782
6333
5316
5219
1856
1
278
4320
166
4215
6612
1136
5390
3614
2307
2109
3404
5617
763
4876
1137
6733
1138
1139
2150
6235
1874
1140
2481
4527
1141
1
4708
1142
6885
1226
