1
703
1002
2
686
3
1079
1709
2488
2310
2107
4
670
1211
2748
1693
1989
5
3461
2595
6
7
1257
1585
855
1601
1355
3622
2095
4302
1756
2195
1430
2096
3013
4268
8
691
1265
9
2795
10
4580
1059
984
1931
940
1806
3695
4014
636
1152
728
11
12
13
3942
3084
1413
2347
14
15
909
2777
879
1179
1130
4267
3227
1208
3667
888
1357
1247
2055
16
3818
4623
912
653
3250
3430
908
2073
1987
1914
1145
4049
3642
4599
17
934
18
944
19
729
718
903
1031
20
1184
21
1721
3497
3366
4513
22
23
639
1877
1912
1438
4114
24
828
2
781
977
25
3138
1148
1894
1320
26
3398
2870
27
700
2226
1410
3617
3663
1297
1781
1054
1149
1102
28
2150
2915
29
2940
4043
30
847
31
1921
4454
889
2727
32
1531
1462
1907
1895
33
742
1233
34
1131
3914
724
792
760
4462
4263
965
2045
3479
3223
3106
4333
1556
841
919
736
3736
35
4045
2185
1167
4021
3089
1666
4501
684
2022
3030
3
1
2
748
795
3489
3220
3494
2010
7
1088
877
36
1828
2211
3472
37
3501
2399
38
1279
1246
1120
2613
2540
3551
4542
3032
3100
4445
39
1361
1884
40
3771
3660
834
1711
1396
3261
3212
3104
768
1385
1663
1245
4571
4484
1003
3983
959
1671
2295
2097
2793
3060
1289
2578
2274
2024
4578
1461
1104
1198
1458
1801
3117
4455
1093
1595
2966
2741
4585
4105
1735
4151
831
2381
2271
2977
2823
4257
42
810
43
1071
637
2382
3174
1380
1598
3807
44
3014
2224
756
1010
1077
2599
45
1881
2645
1736
3862
3116
3848
1074
808
1572
1837
1745
4411
669
1724
3281
840
2367
1902
2588
2594
46
1901
4224
860
3052
757
47
48
1692
4502
714
1362
1018
4642
50
1030
2574
3413
4519
1856
3476
4090
3757
2711
3793
1
3086
2069
4254
3
1
7
2
1038
2306
3309
3275
2622
51
3542
786
933
2530
3704
2383
3242
4245
2046
4640
1379
3974
1419
1162
52
2144
2970
53
3872
976
806
1027
898
2778
1667
708
1288
2779
1229
931
2844
54
3320
4226
1804
2584
1779
2954
2437
55
799
3022
3585
2234
1321
1543
56
3905
1656
57
2717
3581
2829
58
59
60
2014
2049
1398
1865
2018
3310
3402
1308
2643
2078
2241
1176
913
61
4419
689
1407
3072
1584
3754
3568
656
979
3560
3738
3753
2751
62
2104
2335
769
720
63
1012
2429
3102
4469
64
65
3245
2086
2082
1094
1669
66
3172
4198
2180
3294
3646
67
4135
3584
3831
68
842
3201
2914
4310
69
3248
4328
2854
3341
70
1631
3123
4051
848
1332
3869
2833
2149
3002
3478
1502
72
1178
1294
2916
4655
3
7
2
1
2813
73
2340
1846
3283
1753
1532
4134
3540
74
1035
2293
75
1050
76
2364
2523
1975
77
78
1847
873
3255
71
2444
79
2738
80
2425
1541
4035
926
941
3282
81
1983
2830
3606
2809
2479
82
83
1664
2371
2218
4558
84
2320
3785
85
1463
1251
1290
2380
2722
3875
86
3487
2257
4631
892
2079
3957
3870
1282
87
88
3455
1116
1286
3485
1505
4441
1469
89
2568
1036
2853
2715
4397
678
1231
3928
90
91
783
2501
3629
92
93
1466
1507
2929
3849
2800
94
4060
3491
4532
95
3146
1968
1494
4200
2510
956
3237
3137
1577
3881
664
96
3062
3810
97
3994
98
4373
2547
822
1863
1886
3186
2913
3840
1358
1047
1
666
677
1403
3
2
99
2526
7
793
1087
2902
2417
1956
2845
3525
100
2768
101
3082
3056
41
2763
3909
1416
4161
3679
3121
4112
102
3699
3977
2282
1800
4638
778
103
1950
1439
3055
850
104
2648
3389
3836
667
856
668
2548
2752
3305
4237
3966
105
846
3919
1648
106
4284
3998
932
3232
107
1274
1899
108
4305
109
2177
3259
3554
1537
2889
3254
1266
110
939
992
713
4196
3632
111
753
112
2337
4266
3614
49
1173
2747
2294
2904
3127
113
4145
114
115
1493
1337
3947
116
4213
4601
1055
2968
4054
710
2155
1064
2206
2431
4264
2744
646
1503
1798
2570
3015
987
3980
117
1619
4325
2908
3327
2058
3802
3815
3307
1874
119
7
1
2
3
120
1209
2972
4443
3365
3749
701
843
1535
121
122
1452
123
124
4477
921
2076
125
126
1675
4594
1405
2609
4238
127
1280
128
3175
2249
2286
2882
740
3599
2640
2291
3621
3758
1422
2855
2770
3596
2807
3156
1199
4370
4555
3686
2259
3433
1347
3136
3128
130
3182
820
894
1839
1754
1842
654
2102
131
3814
3200
2085
3235
1070
2925
4426
2246
1905
4434
3303
3161
1188
2975
3901
4186
132
2289
2585
4067
1889
133
4269
804
134
2389
809
4294
3908
4377
1475
2615
2223
871
2157
1926
2892
135
136
758
803
1499
1516
1603
4540
137
1575
138
2072
2327
139
2160
1937
2872
4235
3405
140
2032
4022
1512
2750
2495
3588
3
2
1
648
7
991
3025
1
1434
141
3618
4460
4634
1628
2579
3058
1985
142
3861
143
1944
2757
1637
1006
2905
642
1947
3003
2454
2
3864
2960
1067
1084
1726
2852
3855
1835
1331
2465
3126
659
1568
3732
3612
4423
3535
4405
4568
144
145
1165
3504
759
146
147
2122
2372
3098
4564
2183
3813
1941
1708
1553
2449
1219
3449
1136
1861
148
1217
1192
1345
2950
2783
2348
3639
1330
2682
4120
4643
2089
1558
3592
1196
1339
696
1967
149
2995
150
3680
1431
2868
3910
1527
151
1830
1590
152
2658
2269
4312
731
3293
2
3
1
2
7
943
2531
3017
153
3373
2691
154
3851
2130
4544
3561
155
2769
7
3866
4287
1072
1204
1264
1834
3609
2629
3067
1911
3456
3444
1851
2931
1
1785
157
765
158
159
3520
160
3298
1218
3941
1464
4514
904
1193
2181
1707
1500
2551
161
1887
2346
1325
2290
4436
162
1391
3611
2460
2518
3166
3984
2766
3180
4620
3762
3795
3713
2167
3450
163
3393
751
719
2944
1993
705
1815
164
1514
968
2280
3287
165
3507
2145
2760
4665
1810
1383
2459
2067
1008
1925
2455
167
4435
3852
2846
168
1372
169
3301
170
4497
2992
3107
2253
2637
3997
3804
960
972
1203
2101
3528
4208
3696
3
2215
3322
4013
3610
4322
1340
3678
2604
4102
1228
3490
1799
4141
1155
1653
1009
3498
2043
4533
3615
2611
171
1697
1309
3090
1990
2699
3788
1107
2406
1906
172
4639
2056
173
1097
4633
1191
3041
3415
2873
3044
174
4222
954
732
2994
166
2886
2251
1298
175
4107
789
3951
875
885
961
176
177
178
3999
3481
4057
156
1244
1655
3092
2688
179
4111
180
2881
4391
1919
1240
2740
2401
3519
1534
1789
2313
3669
1566
2959
4603
181
902
1375
1822
182
2663
1548
2025
2136
817
647
2632
183
3063
3628
1694
3
1
7
2
1491
1226
3767
2753
4066
4565
2129
775
184
1976
3733
1284
185
3258
3796
747
1206
2661
4468
186
2171
2263
2232
4352
187
2630
971
1455
2368
2869
188
936
2539
2917
4042
189
4216
4618
832
2693
2774
4363
3684
1634
2642
3817
2227
1900
4024
190
2124
1561
1171
2973
1408
1483
191
644
2965
3286
1180
3192
3595
2991
1960
3417
2329
2037
2971
1680
2728
2121
2649
2901
3689
4122
4508
4005
1722
1997
662
3302
4001
3598
2007
192
2824
4016
193
194
3
2
7
1
1432
3181
3043
3383
195
3334
196
197
198
3569
1953
1903
2909
3638
4193
199
3915
2292
3742
4118
4206
1323
1892
200
1927
3921
4084
201
202
1641
2716
4343
1678
4197
1860
203
2473
3531
2582
2610
1935
4347
2432
1327
2128
2670
2178
2668
862
2088
205
206
2981
207
4296
1028
208
3330
2566
3343
4561
3927
1110
963
1106
3321
1609
1488
641
4439
209
3465
1749
210
1988
1728
901
2134
3505
4078
4079
2964
3539
2571
1151
2935
211
212
4281
2039
1451
3037
2545
2953
4204
3515
3158
1610
2433
3147
1761
4017
3169
213
1255
3988
2051
4265
214
3077
744
938
2350
2481
215
2650
2671
2612
2302
216
2033
3944
1642
1
3
922
2002
2308
2147
2344
217
2
1157
3674
3820
676
2225
2927
2812
3176
2690
1864
218
4617
1368
3376
2796
1998
2415
2660
1476
3741
1608
2597
4089
219
1982
4285
3640
3462
4552
1128
2351
1449
2017
3650
1348
3388
4349
4307
4589
1732
3809
4622
1996
4147
4582
924
1303
1181
2877
2755
3367
2314
3411
2603
3965
1065
3391
3482
3004
1344
3694
4260
3510
4368
1768
1759
890
1023
4524
2847
887
3812
4131
1802
1
2
3
7
220
2132
221
1234
1661
2250
2453
3839
222
3734
3698
2416
2701
3837
2952
4478
787
1017
1328
969
4393
1147
638
4583
2538
1825
1187
2325
223
1733
1249
2775
3357
2773
224
1702
225
881
3775
4399
4155
2197
4671
226
1037
227
1068
228
3392
2702
1684
3790
3541
229
230
928
1880
1933
231
4576
3604
2238
3580
3654
1127
1767
1142
2143
2080
733
232
2202
2258
233
234
3379
2443
1778
3020
3786
3163
235
1109
3279
236
237
1829
3026
3918
1
7
2
238
3605
3
1078
2248
2233
693
858
3239
951
2639
1688
2119
4275
2094
3074
1342
3374
1536
2205
4557
3613
1797
1624
1311
4207
1306
1177
4199
4504
1775
2625
2356
2158
240
3304
872
1939
241
4600
3469
1614
4010
242
746
1300
4003
4523
1746
2457
3625
243
4247
4592
749
1363
244
4629
2655
245
2749
2120
3042
3992
1390
118
2283
246
2654
4336
3882
3874
836
2260
3536
3724
247
3471
248
1474
4662
1046
1710
3152
4083
741
1929
3177
4317
1105
2961
3486
2482
4609
4483
4261
2162
3913
4337
1495
3
7
694
1
1415
249
250
1607
3387
3937
3209
2083
1576
1826
2404
3420
251
2487
1783
797
1562
252
3253
2932
755
253
3153
254
2339
4470
2170
3446
2934
2108
1468
255
256
257
2418
3099
2468
745
4324
4346
4491
258
3805
4150
3199
1522
1456
2172
3216
4080
1803
259
3050
3493
2377
2848
260
2805
261
2895
4626
2573
3885
2729
3768
3326
1602
262
1852
1365
4656
812
776
1273
680
1649
2918
2569
4157
916
1758
2576
3412
2817
1058
3
2
1
1253
1831
263
2759
264
3183
7
3419
2193
857
3359
265
1867
852
2863
3173
2071
2563
3591
2360
2358
266
2552
267
2355
3051
2858
2680
3701
726
1315
3842
2391
268
3821
1560
1053
2255
4442
2646
2967
1845
2651
4194
2525
2586
269
3693
270
271
272
3672
2810
1615
1542
1872
1175
3148
3819
273
4192
4329
1239
3197
3269
1259
2943
2403
4250
2607
2835
2718
3637
3122
4119
3
2
7
1
3290
3731
652
1618
2707
274
2608
4116
4490
1143
2333
275
2179
2075
1597
1421
1224
3844
4174
4649
3683
3477
3179
1840
2591
2194
3755
4596
1751
2118
1033
1341
3443
3414
4624
964
276
4479
277
2580
4182
4125
3887
1626
3129
278
3789
2266
4298
1154
791
1958
3306
2040
3647
279
4395
3054
3109
4452
3033
280
3824
3553
1774
3687
1948
3993
3509
1508
2359
2710
774
1843
3517
281
3575
3068
3636
1
3
2
1134
3644
967
4093
2677
3406
4227
1108
1472
1870
282
3822
1076
1041
2862
4184
2665
4591
1554
283
1370
1742
3296
910
3361
2184
4252
284
3972
4205
1394
2321
4121
4185
1254
285
717
286
952
1765
3589
287
2567
2498
4511
3867
4106
1137
4162
3351
3533
2059
1963
2836
4133
3773
953
2235
288
3602
3911
289
1788
4339
895
2814
4396
290
3427
291
985
2125
3135
3985
2947
4137
2390
292
1875
4009
2004
3442
2210
1917
3205
1146
2077
1301
2733
293
3883
3892
1660
2494
1717
4242
4301
1238
2730
911
1
3
7
2
2365
1360
1714
988
2031
3766
2619
4605
2192
3495
294
1441
4179
3404
643
295
4554
2946
1122
296
645
3097
738
297
3936
2556
3530
3270
2442
1668
1617
4297
3438
4453
4543
1923
1972
4602
298
1443
4646
2264
2461
1252
1278
2081
3829
1369
1862
2713
3451
4279
4463
3700
299
1848
1876
1946
1970
4053
300
4386
1629
2142
1479
1625
1450
2305
3971
4175
3571
4380
1638
4597
1596
2423
1743
2141
301
2939
302
3006
303
1750
3226
2500
3774
7
2
3
1
4248
4493
761
304
3065
3675
2719
305
829
1359
3452
4632
1578
1605
3658
1930
2126
4528
2052
2272
1676
1954
2507
1096
3141
3339
1731
3001
2816
306
307
2503
886
4321
2374
1040
2318
2864
3094
2602
2200
4509
2450
2323
3969
1158
1662
308
3961
2806
2009
1795
4403
1511
2492
309
1353
2189
3572
1318
3370
833
1612
2687
3211
310
4180
4159
735
311
2221
4334
312
2685
1564
3574
4361
313
4210
1943
3587
314
3274
2533
2782
315
3217
2673
316
3843
1573
1293
3578
1515
317
3034
891
1313
3850
1043
318
2087
129
4253
4654
3816
2384
1752
1
7
821
1740
4376
3
2
3085
2005
2394
1411
4081
1089
2016
1044
1034
1640
319
1763
4291
1961
2957
4510
3185
320
3779
1060
3159
4173
3230
1836
4052
838
1570
4167
3803
1005
4138
4025
4255
321
780
1481
2505
3608
1871
2802
2357
3863
3457
322
706
4416
3626
323
1066
2159
324
3139
4485
946
1382
4000
4123
4611
905
2789
1270
4153
4071
325
2287
3243
1194
326
327
2504
3730
328
2605
1850
4379
329
1766
330
1232
1496
1426
331
4546
1517
982
3879
2678
4448
1741
4588
1166
1581
3263
332
4277
1819
4371
7
1
3
2
3523
2065
2887
4096
2273
4040
1190
3036
4327
679
333
2989
3057
4015
4027
876
1838
1307
334
335
4139
863
1928
3118
3783
1304
851
721
2397
336
4126
2001
337
1639
3886
1200
2497
338
339
4011
998
340
3198
4019
790
2509
341
4630
342
2638
4406
4570
1484
3506
3718
814
1509
2681
1480
882
709
2745
1457
343
3763
2517
2385
3989
344
1794
2676
345
4392
3081
3859
3
2000
346
3144
3155
663
4651
2978
864
2220
878
2618
2276
347
3920
2285
1
7
3
2
348
3289
2577
3563
1528
2275
2999
1973
3040
3323
349
1001
1425
350
4095
2100
4183
1081
2987
3464
1366
3271
1821
4055
351
2937
3399
2135
352
353
4169
2787
354
3073
4378
1260
2447
1319
4548
4004
355
3925
4531
356
1567
3703
2311
2865
2186
4566
1159
1141
3546
2412
3986
1333
2375
1690
2636
357
2714
358
2316
359
2623
2871
4457
766
1351
4467
3865
2524
4048
3344
4056
2704
360
361
3021
2679
2837
1813
3133
1643
3764
362
3
725
1
7
1936
958
2050
1952
4065
699
363
1521
1739
1268
3912
364
3968
365
4280
4437
3559
3544
2064
1713
2689
4170
2262
1272
3929
2572
2708
3105
2428
2557
4306
3787
1161
1115
957
366
3019
4595
698
935
3000
3835
688
2
3378
367
4286
1393
2240
2542
1691
3752
1126
1583
2471
2765
1492
1589
2409
3214
368
4400
2923
2466
369
2099
2734
2324
3206
1780
4417
4191
2363
370
1399
3940
3
683
1
2
2885
7
2621
371
1367
4290
372
3641
3273
1716
3435
4278
373
374
2297
4146
4156
3552
1762
3046
2884
375
1101
1551
376
377
3751
2413
4489
3524
685
1406
3664
4244
3797
4225
1699
378
2675
3460
1533
1981
1329
379
4006
2754
381
4160
1471
382
383
3208
3601
3328
3806
4030
2906
3337
3624
4100
384
385
1085
4545
386
2633
3778
387
4087
1869
3167
2435
2256
3096
1467
3651
825
1672
4085
1974
3375
3251
1083
388
4537
772
389
3080
1312
4398
3899
815
2
1
3
824
2
1440
390
7
391
2891
3204
3557
3336
1949
4273
2669
3325
2493
3630
1910
2042
2803
3249
1140
4038
3466
2808
1674
727
3355
3884
4421
1501
4415
4466
3047
1844
2998
3228
4668
4424
1242
3555
4148
3727
907
1014
1659
923
2721
2784
1593
392
3038
1024
3600
2048
2219
2555
2111
3234
3381
393
394
2201
2700
3416
2268
3300
1879
1530
3390
1216
395
3400
4215
1267
1404
4195
2008
3772
1565
2520
4413
2656
396
1604
1223
1283
2756
1890
2470
697
2026
4176
770
1
3
1579
3906
1400
3924
4360
2799
779
1225
861
3317
4188
2326
1580
4091
1045
1966
2583
752
4577
4539
2696
2815
3434
3770
950
1547
2739
397
398
2514
399
400
1818
2478
2662
4430
2163
3488
401
3492
2349
1793
4614
682
3244
2819
2252
3154
1285
1482
2405
2822
3907
4172
1594
2395
3272
893
2921
3247
3710
402
403
2309
2298
3543
2322
3191
3579
2519
4465
4598
1790
1938
1924
651
2331
3280
4672
827
1447
1965
3593
404
2228
3
1
7
2011
2343
2169
405
1820
4233
4219
801
835
3087
4178
4526
880
2512
3483
3369
3437
406
407
1022
2091
4221
3707
1814
408
3142
409
2949
1388
4364
3888
410
2003
4029
3765
983
3124
3202
2338
2084
4034
4129
3719
3932
3759
2074
3061
3397
2230
2438
411
4117
3801
1964
3846
412
2369
3470
947
2114
1539
413
661
1635
948
4521
3516
3016
2035
2472
4440
3712
2686
712
868
1546
1437
1951
4407
414
4338
2467
415
4553
3860
1549
4381
2839
3847
2592
416
2620
2062
4474
3319
4529
2168
3
7
1
3594
1772
3276
4366
640
1343
3386
3692
3930
4099
4023
920
2098
4667
2288
417
3562
2109
3537
1744
1866
2053
3873
3634
1652
3315
418
2725
3395
419
1571
2941
3149
2496
420
3331
4449
3858
421
2596
3266
3241
2378
3760
4427
4487
2414
4211
3798
975
4330
4464
1695
3570
3083
4154
4648
1039
2672
1356
671
422
1896
3623
4086
1377
2861
3480
1776
2445
2106
4018
1812
1371
2737
423
424
3880
4382
3
1
7
425
2393
2354
4228
1519
2564
426
1052
2146
3954
1882
1296
2153
2485
427
3091
1000
1823
1701
4097
3194
4142
4506
428
1111
3828
1623
4412
3188
1627
1163
2614
429
1857
430
4316
784
4357
431
3348
3518
4289
1354
432
4033
4375
3705
433
1587
434
2420
2353
4492
3222
3112
3963
2856
1586
435
4140
436
3048
2761
2624
3737
1769
4422
4274
4499
3311
1048
1412
1647
1207
1186
3409
3394
2093
3071
3904
2133
3799
7
1183
1898
2731
3
7
2
1
437
1703
3832
955
914
3190
3421
4663
3550
2788
1730
3380
3499
813
438
3408
3676
2148
945
1782
4348
1414
2912
2955
4063
2532
439
2173
3407
1489
866
2407
4562
4108
1599
440
3871
2907
3573
441
1402
3923
1959
3162
2849
4619
2222
4127
3656
2832
442
1042
1757
4246
3045
1538
4008
2938
443
2821
2400
444
4461
445
3340
4092
1172
3716
2600
3931
2203
3363
3049
3
2
3423
3297
3103
2038
823
1934
3157
1773
446
1529
2296
3934
2851
2951
2762
4388
1557
1486
2161
2301
3291
3362
4113
4666
2491
4288
1995
937
2006
2284
447
4525
4217
1969
1544
4007
4295
665
2070
4050
4447
1384
2116
4230
4072
4232
773
2154
4062
4256
4372
4345
995
2969
4408
3264
3708
1764
1654
2027
2528
1021
4012
3565
4551
2066
2477
3360
3346
448
4028
3898
4313
2060
3532
4282
449
692
2589
4387
3196
2127
2
3
7
1
1827
1168
3635
3410
1420
4041
1957
3342
777
1387
3529
1786
3668
4494
1029
1630
2860
1250
883
3597
2244
1686
800
1723
2030
3008
4082
2176
450
3976
451
811
452
453
2536
1545
3652
454
3338
681
1220
2598
3953
1858
2474
455
1112
456
1164
3278
2709
867
3511
2926
1644
2115
4535
1292
1859
2090
2820
2117
457
4152
3722
4177
1446
2535
4657
458
3740
2139
707
3066
459
460
3631
3277
461
3224
462
3007
4115
2893
2137
1
3
7
2
899
2441
4272
464
3995
4020
2659
2508
4500
2489
2866
2341
465
839
2254
2396
4390
466
467
4610
1
1670
949
3459
854
3691
468
469
4476
2910
4627
1095
929
4482
4527
1215
1855
3685
1945
1477
2267
4432
4515
1523
2529
1787
3203
1338
1977
1552
3440
470
4410
1189
2047
3372
4498
980
2883
471
4593
1395
4190
3256
3353
472
1243
865
3130
1326
473
1092
1683
1436
1214
674
2490
2703
1613
474
2843
3958
1
2
3
4240
2279
3069
3655
475
1979
2151
4136
3473
476
3945
711
1518
1470
2553
1291
2270
2732
918
4459
4625
477
478
2664
3526
479
480
4365
3933
481
1755
3436
1316
1019
2867
2962
3845
3401
3231
3959
3607
4276
2956
2245
3429
1237
1665
3350
1715
3590
2345
4547
767
3538
2300
844
2191
4538
4362
3671
3896
4414
3979
816
482
1230
2236
4132
4637
3720
3586
3665
3508
4420
830
2692
3332
483
2419
730
2634
4613
484
3728
485
3285
3
7
1
2
2199
4641
649
2616
3514
1256
2448
1478
2408
3418
2332
2446
4271
3735
3891
486
1378
2362
3364
1962
3800
3207
996
4164
3583
1056
1986
4433
4163
3260
4389
657
2502
2388
4218
2627
487
1227
3120
488
2174
2379
3990
3715
4039
3075
1888
489
490
1633
1063
2825
4604
4047
2928
4608
380
3564
1374
491
2537
3257
3582
1170
1299
3834
1459
492
2063
1117
3729
3549
3962
3
1
2
1015
1080
493
1061
1277
1994
494
495
1687
3960
496
497
4584
1090
1738
3012
3603
2626
1376
2054
2304
3987
498
2705
2212
1210
1991
2166
1646
1153
2546
3948
3324
3746
3114
2894
2558
3781
1381
2057
2850
2550
1392
3723
897
2398
2458
2123
499
3468
4074
1156
2217
500
1373
1305
501
1525
4481
900
764
502
3333
503
4103
837
763
2317
504
3792
2897
3889
1401
3318
4061
1051
1574
3616
3619
505
4354
1727
2434
1011
3
2190
3178
3975
2767
3697
3890
1448
2735
2982
2303
2667
4293
1427
506
2522
3125
2451
1335
507
2237
4032
3219
3424
508
2426
743
1588
4567
509
1150
1559
3877
510
3739
1915
2601
986
1916
2985
3475
4383
511
1248
2958
1397
512
4660
915
1632
3939
3027
3653
513
1504
2464
1853
2370
2427
2462
514
3690
3187
3184
2387
515
2334
4212
981
4098
516
4653
3791
1263
4187
2231
3902
517
518
1445
4429
990
1262
1091
818
3657
4635
4069
4628
3335
2984
3513
3
7
997
1
2549
1681
2911
3454
4046
1891
519
2742
1940
3151
4444
2933
4259
3132
2021
2015
4220
520
4374
1317
1213
2841
4073
4304
521
1808
2554
522
989
4647
1261
974
2436
3115
4262
3076
4664
819
2204
3576
1658
4451
2874
2628
3474
4109
1202
239
3893
2164
3714
2794
3833
4332
660
3011
650
675
1978
3952
4166
1657
3717
4458
2483
523
3193
1955
2922
3316
4550
1236
2515
2156
524
4503
2247
4472
4165
3521
805
1275
1563
1241
2198
942
2712
3268
4522
2312
2888
966
7
1
3
2
1314
3545
4359
807
3484
2698
3458
4036
525
4130
704
1428
526
2061
2386
2208
1555
1833
527
3236
4171
3556
2826
1444
3943
528
869
2366
4292
826
2402
3648
2988
1616
2736
3314
1984
1685
3633
529
530
2780
4541
2641
531
3428
739
532
3031
2281
3371
853
1386
533
4239
2544
1550
3743
2644
2706
4236
658
1103
4300
4209
4530
1747
4409
3838
4326
2590
1069
534
1805
3252
4418
3
1
7
3
2
1235
4344
535
782
2657
4341
1729
970
2900
1737
4384
4480
536
925
702
537
3841
3534
4367
3426
3358
3453
1712
1098
2541
3143
4616
2103
538
690
1336
2068
3284
539
4549
3170
2694
2974
4342
4446
3164
3079
4518
2511
4068
3145
540
1310
1020
1073
1817
3111
3950
4124
3688
1205
541
2561
3
542
4586
1490
4058
1075
1689
3312
4229
3725
695
3093
4431
543
1487
2521
3649
3
1
1025
1650
4241
1133
7
3295
2516
544
3967
4661
545
2979
4673
546
2243
4037
3039
3857
1893
2036
2452
1784
4181
771
1868
2430
3744
1004
547
548
1100
2328
4615
1121
2776
549
550
3748
1720
2440
4556
4575
2990
4581
1999
4488
1497
2565
2880
551
3784
849
1057
2277
4077
2261
2499
3643
552
788
4621
3023
3903
3681
3246
1700
3645
2392
553
3356
3150
3018
1113
2857
4644
2631
3547
1725
1185
3826
3313
3352
1
3
7
1139
2
999
3101
1526
554
3895
555
896
1770
1971
556
1276
2876
2456
3673
1364
1620
3955
993
3946
4044
1222
2726
2831
4606
2216
4319
1032
1760
3830
2209
2764
3240
4311
2791
557
1086
4507
4450
4094
2792
558
1138
1796
559
2635
3677
1651
4088
3160
3165
3973
3922
4385
3856
3706
3917
4158
4636
3267
2647
560
1334
4607
3189
1705
4234
655
715
3721
3854
561
1
3
2
1540
4243
4401
7
1433
562
2581
2980
762
4201
3299
3095
3441
3567
1510
2781
1118
673
1424
4270
2785
3502
563
2361
2513
1099
1049
1453
3981
2239
3620
2878
4331
3527
4559
1144
3982
1824
3823
3756
3868
4251
3010
2476
2875
2188
3496
1197
1423
2587
2469
1169
1679
4574
4425
3439
4512
1281
4070
2919
4471
3566
4517
3384
716
2352
3522
2013
4356
1114
1904
4428
564
4076
3308
1809
2771
4340
3113
2936
2131
565
2373
566
1132
3262
1
3
2
7
2652
567
2486
568
569
2724
4353
1980
2480
2834
4473
2801
3745
1287
994
4520
3349
1346
4645
1913
4579
1791
1350
2617
4104
687
571
572
1125
3108
2695
3916
2376
2758
1883
2411
2986
4394
4110
2475
573
574
3029
2044
575
2421
3825
2930
576
4358
1569
1062
3463
577
1221
2903
3782
4650
3780
3761
3005
4064
794
1849
930
578
1920
2674
2996
1016
579
1485
4143
796
870
4314
3661
1
3
463
1922
2818
1792
580
2527
4475
581
1807
2534
2543
2020
3750
2804
2983
4318
582
3009
2439
583
1909
584
1473
585
4149
2593
1878
874
4189
1698
3195
3210
2920
3345
586
4320
2743
1621
1811
1082
1918
2023
4144
3935
2786
2330
3577
3827
798
2898
3949
3747
1622
4350
3292
3627
1932
587
4202
2997
1349
3448
1271
2924
4223
1124
3078
722
3445
4315
588
4456
2182
2811
2165
589
4355
3794
4569
3659
4231
3382
4486
7
3
1
1417
2
1013
2463
1841
3225
3503
3447
802
3119
590
1748
1600
1435
3709
591
2666
1706
4534
4505
962
3171
4299
2948
592
2798
3035
3347
4168
1771
4002
593
594
4587
1873
595
596
3377
597
3666
3385
2207
1682
598
750
2723
4516
3776
3670
3970
2265
3213
2653
4203
2772
599
1582
1129
3991
2140
3396
3059
1135
600
3978
4563
3354
4214
3996
1465
2575
2840
4402
7
2
3
1
978
2559
2562
4283
4536
2319
3811
601
4323
927
1673
7
2410
4075
2484
602
204
603
1611
2422
1174
4496
723
2697
604
3432
1816
1513
2560
3711
3938
2945
605
606
2879
607
672
1352
2942
2028
1442
1506
4404
3238
3900
1524
2684
3064
2242
4351
2152
2196
3777
2113
3215
1160
3265
2342
3110
1992
906
3221
3368
1429
608
1636
609
3024
3233
2105
2041
2112
2720
3964
610
4249
1
7
2
2213
1592
611
2278
3
4128
845
3140
4258
3288
1201
3218
612
3726
3425
1498
1007
2963
3769
1832
613
3876
973
614
615
4573
570
616
4369
3229
1454
617
618
619
1897
1606
3053
1696
4031
4669
2993
2838
4026
1195
1295
620
1777
1123
621
2424
3808
2859
4309
785
3028
2019
3500
2827
4659
3662
3548
622
4101
2890
1854
3926
2012
3422
3512
2299
1418
2790
1182
1942
3070
734
3
7
1
2
1460
623
2214
3403
4560
3682
3131
4335
1324
2110
2034
1409
2842
4670
1645
3168
884
1212
2606
4495
624
2092
2187
1908
1718
1677
2896
1389
2899
3134
2506
1520
1258
625
626
1269
627
1704
2797
4308
4612
2138
1591
2229
3558
4590
1719
628
3956
2029
1302
4652
737
1026
2683
4572
3431
2315
3702
629
2175
2307
1885
2976
4303
3467
2828
630
4059
631
4438
632
1322
1119
3878
633
3897
3853
3894
754
3088
859
917
2336
634
3329
1734
635
4658
2746
