1
2
180
354
797
182
1188
571
1257
325
5
1385
1793
1636
1893
525
7
471
1484
667
1587
442
961
9
808
10
574
1366
1635
824
1573
1034
447
1462
11
911
1195
740
12
1768
1443
718
1032
3
920
342
1697
14
237
821
886
1920
276
558
1173
844
1564
1178
719
1417
17
1422
846
1223
1984
857
1435
716
1053
18
986
765
1456
777
1323
19
1700
20
21
531
1621
1006
1341
1897
22
16
549
1012
1672
1956
5
773
1
1678
693
1294
1391
1499
725
1007
1591
729
1807
416
636
579
881
1381
1577
1935
1904
498
1272
1049
420
1312
26
1558
707
5
1240
658
922
551
1241
234
1
2
472
408
1504
572
1795
351
544
565
28
1138
1310
1296
1186
11
736
344
88
1544
257
241
938
432
1175
1836
328
34
795
1611
394
1568
522
620
397
510
670
945
1023
1570
1011
481
39
894
1594
1508
683
1217
1258
233
179
569
221
303
1579
490
1224
57
1479
885
785
460
1070
648
1229
1117
1637
1649
735
876
1339
1772
43
1458
1343
806
977
455
901
602
1816
1686
389
289
44
2
475
1613
1912
374
1537
45
46
1450
1677
762
1171
488
1025
11
1491
1478
1237
42
619
738
727
1707
893
1926
1236
1997
614
467
1664
5
259
610
1040
1726
1850
281
352
548
1248
711
1514
2014
694
51
178
1987
1989
979
1162
1799
928
1825
1691
1936
566
518
1300
1971
1846
991
205
818
1218
1873
1812
775
1156
1098
848
418
53
474
941
1396
54
343
1766
1583
1463
613
1192
1116
662
431
244
16
1741
2038
235
1477
625
1309
370
429
1334
1921
1708
250
1086
958
1026
1328
1786
11
527
1822
1800
285
156
684
1747
781
1108
1105
688
1960
267
369
349
810
701
801
1682
178
1699
646
1829
676
649
59
1535
373
526
931
1159
438
657
1370
1719
1459
1187
9
547
600
1244
473
771
217
863
1950
130
1785
1407
122
630
871
1485
974
202
375
1602
1721
63
1207
123
1536
1617
64
1917
1101
56
6
750
1657
2002
543
1815
2008
1279
1030
1243
1440
161
811
652
1831
58
1826
2031
1265
1974
266
1855
1717
1254
300
1335
1628
1963
1
535
1612
380
2
562
692
11
1306
552
656
480
1619
1056
5
1668
554
299
1225
1813
66
637
927
975
1874
1740
776
1737
1702
1
437
1631
1755
1891
1546
1021
1639
1592
1390
1346
598
1946
40
478
1761
367
470
1014
68
1749
1892
1623
1781
803
635
1172
458
1683
70
229
866
11
181
817
1145
385
660
31
1783
1554
737
71
406
796
1885
41
1315
90
861
1308
1276
560
209
841
751
1121
1666
1965
1688
1627
728
935
1724
898
1176
634
597
1542
772
1005
605
815
879
1859
1805
937
643
1372
1595
686
1388
13
74
1830
2
896
1588
816
9
1913
1851
279
780
891
823
345
860
1469
5
1543
1168
331
1103
521
189
697
1383
206
76
1791
1742
1389
357
1316
1938
1571
882
618
819
1866
1021
1599
1630
334
77
1944
1013
1150
523
1278
1969
451
1899
753
11
1701
529
1654
496
199
506
1432
1679
1993
1796
1784
388
133
957
5
1266
427
280
78
1823
969
2041
5
695
4
1048
645
854
1148
196
771
1733
788
1320
1778
1923
179
1247
1080
400
1403
1301
1367
2006
1181
236
916
1947
1620
934
1358
459
11
1144
1137
104
1167
9
1901
384
444
1629
659
839
346
968
139
270
1037
1884
1593
607
1890
302
1909
1434
1360
638
1569
1975
1743
1931
1970
426
710
1607
213
79
1662
80
1232
177
1314
1929
2
1160
1916
668
1268
1821
1126
81
433
681
967
151
721
1084
703
8
1503
83
47
463
748
691
1331
1905
271
12
72
247
1004
1114
16
1521
232
1052
1681
926
3
1299
1290
1369
320
1955
1154
16
929
652
987
11
1264
1675
1764
1999
2
784
435
1716
950
363
1501
11
97
1437
1782
176
1256
85
208
1122
1348
1525
519
1392
1650
1208
1802
86
633
158
5
87
1985
2036
1736
20
696
1523
1900
315
11
21
1608
484
2
321
20
741
174
720
1773
446
1194
733
69
282
126
1847
1190
185
339
89
9
1694
12
1411
1976
1033
1563
1457
902
174
577
1559
318
955
255
1625
702
5
1545
1285
880
452
69
91
9
954
11
1480
1161
742
1572
5
1203
830
1753
888
104
1010
1518
1179
1991
1790
556
996
943
1618
1081
1326
832
297
1553
291
761
834
1347
1667
1003
123
587
457
1698
786
372
93
94
148
1930
609
11
95
976
249
953
1379
307
1212
537
1431
1489
1197
906
362
292
1319
842
949
1074
1009
895
2005
11
1769
1376
1843
1590
5
1136
379
98
1865
559
99
1557
16
305
2024
1127
101
2001
1336
194
827
1886
156
1750
1714
489
482
1661
103
387
1110
1551
1806
11
283
1634
1718
1340
1298
1932
25
1311
12
422
778
1775
1461
228
528
350
604
5
903
814
476
542
1001
1211
561
699
655
1524
1533
133
1289
1128
106
11
1
56
1696
258
1078
366
1652
700
11
905
971
38
62
1201
629
333
2019
5
546
915
1460
1353
274
802
868
415
1689
21
108
611
469
993
1219
1028
5
556
1878
9
1228
1692
1988
892
287
439
264
1368
1517
1952
1423
1695
504
1193
1095
890
813
1198
355
1395
852
497
321
1017
1077
872
608
1811
944
122
1262
308
337
1647
533
2017
1283
246
298
812
302
1249
1333
1412
1567
1638
1050
732
1420
112
16
664
1051
393
113
1744
2032
2011
1964
1476
114
1834
1706
290
252
9
1200
466
65
115
301
1541
589
1069
1419
116
321
1404
179
1107
1777
1349
1472
1580
1844
840
900
855
1820
2
913
1669
1549
1209
1427
1465
724
1601
117
1690
398
1754
804
1451
2
1273
956
709
503
436
1745
601
1894
20
1545
757
644
1255
1942
6
1277
1482
102
1027
1241
296
856
11
5
378
1282
1456
1763
705
1506
1325
477
1438
1087
253
56
142
440
1641
1990
925
529
386
590
118
122
1251
1061
5
1842
277
1085
414
2
853
746
1304
119
570
1
1059
768
1693
120
143
122
1735
359
111
240
1534
1426
631
1120
1441
1361
963
1386
263
1342
462
121
1216
982
1481
1732
1642
530
1036
912
1818
1288
410
541
1723
1454
1555
11
674
582
319
654
939
11
850
2
790
966
1810
1044
1118
218
583
1819
771
685
623
1378
260
1534
2
770
1852
509
1582
144
465
1235
11
650
1832
1327
1576
1949
495
423
578
1135
714
907
539
37
122
2015
336
1565
792
687
136
2028
567
1231
1705
1765
1354
2039
105
21
172
1840
921
176
457
1562
1215
1858
127
5
15
128
31
9
593
85
1019
1421
1292
497
1709
137
847
1281
1953
162
12
1409
1510
242
1467
2
918
365
800
1436
1269
851
1640
734
311
1008
1505
1548
1854
647
756
82
5
1906
1948
5
1302
1075
12
23
972
211
1196
1184
1226
1520
454
1102
1429
1962
1
1143
1058
179
5
978
1585
877
1513
965
198
831
502
1804
1199
1280
412
833
887
1509
396
2003
2
1286
56
947
1250
1752
864
323
405
1492
1827
769
988
402
11
227
899
75
1457
1020
874
1616
1685
1092
1728
131
940
745
1260
1119
690
2029
2026
1879
176
990
1981
309
303
725
1651
1861
1000
1356
2
1902
2
1703
1605
1566
1259
1147
1746
2020
5
1603
239
1270
1230
1183
132
2012
1393
391
805
1158
1574
1862
158
1967
627
1100
1337
1774
1889
1978
1293
122
1170
456
640
1317
1455
122
1870
464
1134
141
1210
203
392
575
1730
493
661
2
829
970
1673
11
1803
1940
49
1945
1924
1039
123
2042
1597
135
177
951
2
1373
1757
1665
1483
1609
55
1973
1093
1153
1067
1919
278
160
904
1002
295
1380
1715
179
1516
1615
1502
61
2
1363
297
1880
599
1433
1371
615
1529
1328
1875
1464
413
1788
1797
1350
859
226
779
1253
743
11
29
1
828
1762
20
1442
542
1633
11
13
1123
1332
1408
516
1097
330
845
960
1130
13
1313
212
138
1939
1731
1111
909
5
1109
1941
2047
417
596
1
798
642
84
946
704
1082
564
1828
243
1507
1658
140
1245
1180
1961
361
190
501
1267
1903
486
1
680
2027
38
1856
767
1835
8
1687
1068
31
1041
1550
739
430
204
675
2
2007
1644
1305
1164
9
962
11
1382
1498
1888
191
603
1152
837
849
1877
173
981
1957
1414
468
453
38
497
133
1083
760
1933
588
774
1430
747
1064
712
1977
161
449
1648
2033
639
4
145
286
335
92
1841
1115
734
146
1377
1725
520
1995
1057
1125
653
1035
2037
1979
1132
1066
97
225
1494
340
1263
789
110
782
105
177
1869
147
184
678
1808
425
1547
1106
50
1029
24
1539
149
1
124
5
836
1704
219
1837
1374
1871
884
1528
1364
1468
1626
511
1992
36
1016
150
2010
673
1065
1318
176
1596
867
1684
1552
1868
1966
1522
275
1416
152
2022
450
1586
1798
1951
1881
1345
1284
591
1937
256
865
1091
153
1189
1575
1722
1857
573
964
1113
154
1848
2000
1606
1756
722
155
2048
302
30
11
563
1324
1466
914
356
592
273
483
12
749
16
755
889
1338
873
1206
1986
500
545
399
1448
23
1490
428
1943
2009
409
1560
1720
1934
216
538
1771
809
269
930
1928
1182
1713
1994
1238
2046
1410
75
822
2
651
995
1922
122
434
669
677
862
1982
794
1239
1780
1496
514
1486
1530
1424
11
5
312
382
1274
2025
744
1151
11
9
390
557
1604
1511
157
288
105
1394
1055
584
1038
1729
60
897
332
1275
304
2045
983
1155
787
107
1776
2016
262
96
1131
933
172
924
717
38
443
843
1205
952
985
883
595
1024
102
11
540
774
1090
1204
347
1221
1191
220
448
20
1
159
1297
1849
550
5
1497
381
364
706
29
494
826
1727
207
245
1853
9
505
513
1307
100
187
403
1643
1770
322
1817
984
870
302
1177
177
1399
1907
13
368
1330
555
1165
1141
338
23
5
1656
491
992
16
1584
329
1233
163
12
763
820
324
568
314
726
774
97
2030
783
1532
1428
612
875
421
1738
11
1202
507
5
31
919
1214
383
1099
105
52
665
1918
908
1614
1124
1653
1043
1329
122
327
1088
302
1096
1863
512
21
649
1295
1234
1910
122
1839
672
1362
1401
1908
1751
1071
1261
1185
164
1402
371
698
110
265
479
445
1129
424
1911
2023
170
201
248
210
411
1157
1357
1915
878
1470
5
1018
1927
689
1600
1445
1809
1864
294
730
1060
1610
461
606
628
1519
1515
317
395
188
679
5
594
1163
799
293
33
20
1980
1474
1104
1914
1344
1760
1436
1958
105
1475
1734
16
13
165
27
869
586
1838
649
1710
1015
994
1512
1671
126
649
973
166
1042
1271
67
1767
487
1540
1452
1895
1473
376
1352
353
1972
1622
1365
532
948
553
641
1447
215
167
1444
200
251
1291
1833
534
1252
585
807
358
1140
310
997
231
1531
38
942
715
835
11
129
1527
254
1876
1526
517
214
723
1663
1359
1100
253
1045
1589
515
1446
261
316
1387
1794
2
1488
170
492
1094
168
1079
1471
1670
169
2040
223
1287
134
959
73
1063
624
1076
793
122
1303
1047
1500
932
2021
193
1227
1242
230
348
11
759
1351
666
580
35
11
1453
731
156
708
791
800
1779
296
621
313
1959
1246
989
1624
1425
2043
998
272
11
754
404
2018
1321
999
1166
5
1759
2044
12
508
171
2035
1149
632
109
183
360
1860
177
1072
1801
172
1439
1400
1142
1355
616
1581
1787
650
12
2013
125
1680
622
441
581
1062
1213
1449
1054
1674
1925
626
1954
419
105
1896
1413
97
284
1397
1789
306
5
1845
48
936
980
5
1676
1632
1375
192
1887
1792
13
1758
1538
542
173
1384
910
1139
1089
1659
2034
197
1073
650
1824
1405
268
401
1882
1968
11
576
2
108
1814
105
341
377
1398
1646
1748
617
407
1456
524
752
122
224
838
536
1495
1739
858
1556
2
1456
2004
1598
326
175
1561
29
1983
238
1655
1022
1322
1112
1998
713
161
1883
764
766
1133
1169
12
1146
499
32
663
158
825
1418
1711
1487
485
1645
1174
1898
923
1222
647
682
1415
1712
1867
1996
23
195
222
917
671
1872
1493
1046
758
1406
1220
1031
1660
186
1578
