1
2
3
4
5
6
7
8
9
10
11
12
13
14
15
16
17
18
19
20
21
22
23
24
25
26
27
28
29
30
31
32
33
34
35
36
37
38
39
40
41
42
43
44
45
46
47
48
49
50
51
27
52
53
54
55
56
25
57
58
59
60
61
62
63
64
32
65
66
67
68
69
70
71
72
73
14
74
75
76
77
78
79
80
81
82
83
84
85
86
87
88
89
90
91
92
93
94
95
2
96
22
97
98
99
100
101
102
103
104
105
106
107
108
109
22
110
59
111
112
113
114
115
116
117
118
119
26
120
121
8
122
114
73
123
124
125
126
47
127
128
40
82
129
73
130
131
26
61
132
114
133
116
134
135
40
108
71
136
137
138
139
2
7
17
4
5
11
46
15
2
27
35
93
41
18
61
50
71
20
23
22
49
75
14
32
25
129
47
69
44
34
126
97
12
76
96
65
48
87
37
9
54
24
36
140
70
38
112
59
43
39
6
113
3
103
141
134
55
10
13
98
16
64
66
8
85
51
142
143
94
95
131
30
114
33
144
56
74
19
145
105
78
1
90
80
86
84
42
146
147
26
28
147
88
148
133
40
27
82
88
133
94
52
63
149
91
150
149
115
121
151
53
152
102
16
72
99
101
151
132
57
67
153
7
47
120
94
154
119
61
155
156
73
120
81
29
61
79
34
70
139
45
126
88
77
111
26
157
158
31
83
102
159
106
109
11
39
44
4
23
17
84
28
91
61
3
7
14
70
2
54
5
1
12
9
47
78
67
87
93
25
52
16
27
37
15
33
45
105
38
124
158
41
8
131
129
51
65
42
43
126
94
101
73
34
97
95
62
10
24
32
65
73
75
22
19
121
36
69
26
160
161
162
49
112
59
88
113
155
48
136
154
125
140
71
123
40
56
40
163
6
20
55
50
82
150
114
20
132
48
138
74
11
117
18
118
77
80
21
73
63
35
151
103
99
71
156
57
47
26
120
50
50
121
90
88
164
46
143
48
121
102
165
106
109
66
29
111
73
154
68
166
83
53
167
22
30
134
168
70
82
87
129
76
169
31
161
68
44
170
85
29
96
98
152
88
38
23
78
5
11
12
37
14
15
80
171
2
44
47
106
40
36
34
8
121
22
101
33
7
74
112
93
57
61
16
17
41
32
20
6
95
9
21
39
25
48
151
45
52
82
75
42
87
172
43
19
164
91
73
64
65
173
35
24
57
138
18
69
108
81
10
141
54
80
98
63
46
62
1
94
103
59
27
85
56
150
77
174
162
133
97
155
161
4
109
129
175
3
55
148
26
131
163
144
49
67
51
70
27
31
34
96
139
71
152
126
132
46
109
27
50
29
105
88
165
121
114
60
84
77
33
113
30
28
72
176
166
102
48
1
88
111
167
126
31
8
166
27
120
56
134
99
73
12
37
69
34
5
40
45
170
14
54
7
11
41
6
123
36
24
43
15
22
48
61
26
29
32
25
27
51
42
23
35
150
38
84
44
111
12
56
19
17
132
27
8
114
95
149
16
39
4
50
57
9
73
33
96
88
47
103
70
75
98
166
81
3
2
10
1
73
172
133
65
109
64
152
101
177
97
178
71
52
20
59
87
58
82
167
30
18
68
125
172
49
126
46
67
73
91
74
80
126
94
53
31
171
179
33
93
52
28
30
122
66
118
151
113
57
129
76
140
148
110
180
105
170
36
116
84
139
55
141
100
102
129
21
170
164
112
60
77
131
61
2
115
166
99
121
63
71
124
78
80
78
1
169
34
85
131
1
108
14
69
8
9
23
73
10
44
46
11
74
91
2
19
7
45
39
17
5
61
38
16
114
20
132
37
54
30
32
65
126
95
25
96
77
101
50
47
106
24
15
88
154
6
71
87
64
22
81
33
41
59
112
36
155
150
76
18
162
94
68
75
86
40
51
102
43
3
60
48
120
98
47
70
35
27
67
97
52
181
57
12
84
27
34
78
93
63
56
4
82
165
49
129
61
42
164
131
21
80
105
133
103
90
73
134
182
183
124
29
184
31
27
29
1
139
166
121
94
128
26
66
134
125
53
27
28
29
172
102
85
44
185
55
166
186
135
116
59
77
28
187
142
29
27
56
169
129
33
180
109
188
123
117
17
97
30
91
44
84
8
14
9
11
23
38
37
56
16
65
87
39
7
36
51
27
111
61
69
5
94
40
47
52
15
32
112
95
22
93
67
20
2
10
46
141
54
60
64
71
29
78
83
99
109
6
88
102
132
129
12
3
148
48
28
59
45
98
152
81
19
139
142
26
55
105
118
140
62
113
120
33
41
103
18
188
35
126
63
73
136
80
4
44
74
71
94
103
189
101
34
133
50
25
76
43
24
91
152
162
90
94
75
190
172
1
79
61
151
123
61
57
177
171
73
70
42
164
31
154
115
104
82
73
47
151
131
178
70
151
125
27
96
68
86
114
34
122
116
85
33
126
101
11
7
12
9
41
40
98
5
28
25
44
37
15
47
24
146
88
99
23
16
32
73
62
26
121
129
149
72
8
17
60
14
141
134
33
136
22
59
51
36
70
39
2
179
42
46
69
16
1
18
30
56
61
54
84
191
150
43
20
31
90
55
27
94
3
82
38
10
48
166
112
65
78
105
6
85
75
129
81
63
25
114
115
132
35
103
70
120
27
109
113
34
66
52
97
64
126
8
144
50
19
93
73
91
87
95
133
80
74
71
4
135
161
80
57
30
49
150
45
84
156
140
152
192
126
162
148
139
110
153
172
151
102
125
29
10
47
113
27
10
185
67
116
27
152
105
193
78
39
59
82
96
165
61
110
68
62
25
142
27
114
38
8
11
7
28
69
25
44
54
63
81
37
17
52
12
95
2
122
84
5
51
36
16
129
88
106
56
24
35
10
148
41
91
61
87
90
6
9
3
112
43
40
32
23
42
47
1
4
14
94
39
55
97
19
15
49
65
62
126
39
45
111
82
73
11
141
121
48
80
31
74
159
120
108
26
102
133
59
71
152
75
22
26
34
105
139
29
47
194
20
64
50
93
155
101
121
195
52
113
104
103
86
33
151
85
142
67
140
57
98
66
91
56
184
109
164
77
162
31
154
44
72
104
46
27
64
27
30
56
13
92
140
73
80
78
21
13
73
138
110
78
115
192
96
88
172
154
12
131
11
75
24
69
17
93
36
25
23
114
38
113
82
14
32
45
84
37
39
9
3
52
5
35
41
27
6
88
47
91
175
51
7
34
54
49
40
26
65
15
59
148
27
171
71
61
78
63
20
48
22
73
133
113
19
103
44
94
12
166
27
101
4
61
71
98
55
152
112
42
80
129
8
85
16
1
132
50
6
28
56
30
46
2
196
105
64
25
106
97
129
18
129
43
180
123
39
67
182
96
87
68
74
13
13
29
33
150
31
74
29
181
77
73
111
184
102
95
52
81
121
126
102
161
77
129
162
101
10
90
92
139
175
152
131
26
129
186
197
34
188
149
57
170
13
178
195
65
17
38
114
11
23
7
5
45
16
12
14
32
151
84
75
44
97
47
69
25
78
121
124
27
14
18
54
101
126
37
24
47
19
8
3
39
140
65
50
50
71
31
87
41
15
94
63
51
91
46
35
165
26
98
9
10
2
61
4
33
95
64
96
131
80
36
115
29
148
66
48
27
56
82
49
52
93
113
22
129
99
175
95
20
121
30
55
88
129
74
132
78
76
105
112
6
198
94
123
42
43
106
73
72
125
90
47
59
28
67
138
1
85
34
139
49
104
40
152
70
3
118
150
46
165
36
79
199
156
133
145
103
61
89
71
200
92
49
141
2
166
62
13
8
73
137
132
37
24
47
87
38
85
75
121
61
5
12
23
11
9
39
7
33
6
182
22
17
93
49
52
50
36
25
29
28
27
34
43
8
69
44
82
16
66
15
32
70
95
98
30
166
51
45
35
189
74
54
26
65
19
113
14
41
97
4
2
143
129
96
1
59
83
20
55
64
71
166
139
149
159
118
26
46
10
84
112
91
189
42
101
172
148
130
56
14
80
33
40
177
133
114
84
78
27
110
154
71
113
105
67
129
63
18
118
48
111
73
132
79
31
100
47
77
128
62
140
131
71
103
76
99
3
109
36
90
102
81
94
77
37
144
120
164
27
65
88
57
167
164
122
108
71
183
107
133
19
126
175
13
141
89
162
33
166
160
13
178
11
9
24
7
1
15
5
64
82
14
11
54
87
114
38
90
57
47
17
22
95
19
31
12
152
41
61
1
15
36
201
59
6
2
20
46
65
23
10
16
75
32
8
28
49
36
33
102
37
192
196
86
25
52
112
172
94
84
35
43
93
152
70
18
76
78
66
3
50
71
55
140
48
27
44
67
34
10
99
85
39
69
33
88
126
42
146
101
139
97
40
21
73
192
125
27
74
26
56
126
151
120
48
98
165
105
4
45
123
198
63
197
88
119
47
111
121
129
115
91
71
71
162
51
79
148
72
30
80
41
16
199
13
81
5
202
56
113
23
159
82
171
68
186
103
133
65
154
132
105
163
71
27
78
106
150
109
60
137
50
141
169
48
51
6
15
11
52
7
5
17
44
40
22
152
91
105
36
87
32
61
54
1
37
35
95
125
33
9
24
50
2
14
39
82
18
23
29
71
93
139
63
45
12
3
184
8
77
96
88
140
47
38
41
19
75
99
1
150
43
10
22
86
20
26
123
28
101
133
103
69
114
27
34
9
84
59
2
137
70
57
112
67
120
50
25
48
80
65
97
78
4
27
74
179
75
113
94
56
73
170
76
49
90
132
64
115
108
55
98
31
149
16
141
66
114
71
73
102
42
68
129
123
185
27
73
26
186
126
100
135
42
83
186
106
31
167
151
98
85
109
166
199
86
120
30
146
164
21
40
122
80
88
162
27
39
11
37
24
95
129
18
11
25
36
7
61
5
44
41
96
64
97
70
31
19
45
38
3
12
14
8
17
13
59
23
55
74
47
48
69
9
111
81
13
2
32
42
93
51
30
133
52
87
94
112
82
79
57
105
1
4
16
43
73
126
21
114
90
15
6
85
152
26
22
91
39
13
88
40
120
46
109
152
166
28
169
27
65
34
162
54
102
140
22
125
29
113
75
101
35
76
117
33
53
71
65
56
113
20
121
80
148
10
48
83
77
48
103
67
141
143
135
64
63
102
167
198
154
84
125
102
50
155
88
99
123
20
33
53
86
71
93
139
202
171
72
50
115
154
120
203
122
151
73
86
94
80
185
29
106
192
179
66
110
14
5
75
23
15
2
34
37
26
87
11
12
94
7
25
17
78
61
4
54
24
90
42
140
80
93
64
71
8
56
47
91
114
112
36
9
45
46
99
19
125
88
65
10
44
48
16
61
38
69
96
150
63
32
22
13
41
28
124
102
73
3
81
74
148
126
1
129
173
97
52
49
92
51
33
120
59
169
39
20
35
40
37
43
190
27
82
171
18
55
95
128
105
147
61
141
71
114
66
178
31
6
21
170
113
50
82
101
29
67
133
108
73
194
151
163
109
62
98
71
61
75
179
143
132
71
76
84
71
121
128
139
110
134
70
57
40
111
149
14
197
157
150
107
164
103
85
61
61
123
13
30
8
38
25
140
87
23
37
9
15
5
11
10
16
69
35
14
123
6
2
59
24
125
12
34
36
110
101
17
7
32
31
91
61
4
55
13
112
47
75
135
88
84
44
97
94
126
166
3
33
61
2
31
80
133
82
45
41
27
26
56
54
120
169
73
148
122
93
29
19
1
46
162
65
103
22
111
184
95
64
33
71
39
159
48
101
66
50
71
191
7
51
91
20
68
28
90
79
138
74
43
39
13
116
102
70
204
185
172
110
52
110
26
161
82
42
134
30
96
36
150
129
110
73
57
74
85
77
81
139
76
182
78
40
136
146
167
149
113
199
47
49
172
114
105
177
186
99
167
44
67
92
127
107
78
141
152
129
180
21
27
11
70
167
74
11
46
5
71
23
7
15
16
25
61
24
38
10
172
41
37
32
36
113
20
18
90
52
55
75
97
19
14
114
47
17
33
39
94
93
151
26
119
65
12
69
4
141
64
44
84
22
45
74
49
73
103
9
30
112
34
27
62
6
8
29
101
117
56
59
3
91
35
149
72
92
63
111
82
87
110
188
54
109
126
138
179
22
40
95
39
133
28
88
139
82
1
51
43
2
122
103
194
44
50
154
78
71
189
142
42
187
96
81
13
183
76
132
48
71
166
92
192
80
102
76
36
70
57
73
99
27
63
120
77
129
44
125
47
83
94
180
23
191
105
121
98
27
195
175
162
48
29
85
80
57
6
140
108
185
39
140
3
12
20
5
7
11
44
23
108
73
30
15
19
38
14
16
101
88
37
9
202
87
26
94
29
82
85
46
68
49
36
88
39
22
48
47
75
41
27
32
3
27
51
40
42
78
148
93
69
91
97
120
50
25
24
59
6
84
98
61
33
52
73
55
17
65
129
124
21
67
18
90
54
102
10
54
91
8
2
144
151
63
95
57
43
126
71
34
1
185
148
178
64
17
70
152
156
169
104
4
179
139
27
45
110
103
133
80
153
121
70
83
161
113
131
177
193
35
106
160
1
110
28
114
141
99
13
112
56
7
109
13
123
137
175
76
158
122
71
39
140
78
150
46
31
163
74
125
40
146
138
123
61
61
72
117
9
12
44
11
128
8
7
94
37
78
54
39
38
16
68
126
3
36
25
24
98
61
66
23
35
57
4
93
5
73
20
19
109
166
120
10
99
41
17
49
80
14
1
69
88
82
9
64
113
85
15
55
50
91
87
70
194
75
162
65
59
46
152
47
143
179
26
28
22
81
112
33
34
95
6
45
51
32
48
132
133
13
33
67
40
1
102
72
97
2
151
56
144
43
118
29
164
129
123
52
191
63
92
71
18
74
77
101
111
73
84
140
96
157
139
42
121
167
90
202
113
100
106
26
61
1
31
124
62
63
161
74
129
33
56
142
122
27
135
19
2
71
61
148
89
61
79
138
27
94
136
122
129
38
23
22
87
36
8
45
11
51
47
14
172
27
198
84
44
26
34
78
9
50
37
149
5
41
54
109
32
95
6
1
56
114
12
16
75
65
30
185
7
129
61
34
113
15
43
25
17
103
4
151
101
48
35
3
39
81
71
73
18
10
69
93
106
46
26
131
34
91
31
20
56
67
94
79
112
40
141
24
124
28
120
2
19
166
29
88
98
102
90
133
66
97
59
158
105
76
52
27
139
57
102
82
40
108
99
116
29
123
67
2
13
64
148
161
19
33
161
154
74
152
177
121
98
150
126
111
102
70
68
122
162
53
43
178
32
192
10
1
13
138
115
80
55
132
102
68
120
92
77
42
105
72
53
165
77
1
125
85
94
104
29
13
26
7
129
11
123
37
36
17
59
23
42
38
9
87
26
29
106
22
7
48
10
5
67
71
91
75
82
65
8
15
69
54
1
74
95
19
52
76
101
14
33
12
45
3
31
61
47
51
24
39
115
43
70
96
35
108
25
20
44
72
2
112
34
92
152
41
132
182
84
16
97
146
189
139
109
27
114
18
6
63
111
46
120
105
4
32
85
50
81
48
122
102
13
121
73
94
13
150
131
26
40
162
99
149
28
62
93
65
39
164
30
57
103
78
30
172
88
8
26
22
55
203
39
107
78
154
141
98
140
94
94
73
16
68
205
128
49
1
134
83
1
11
110
127
103
125
126
53
66
64
206
166
17
61
95
3
112
44
36
11
19
54
96
88
4
28
38
37
41
102
38
7
5
93
87
42
8
97
6
60
23
2
10
47
25
34
22
14
37
124
43
52
94
151
69
55
33
113
109
24
71
39
9
56
65
15
142
12
68
40
35
30
105
49
16
48
139
166
91
79
101
129
74
32
75
131
116
91
83
31
82
162
86
122
46
62
140
73
85
45
31
164
98
132
115
51
26
18
117
194
27
63
110
27
114
138
125
29
152
126
113
26
57
21
59
105
52
20
1
80
81
63
149
141
50
152
117
166
48
142
87
78
118
123
99
90
77
142
71
121
14
8
65
154
84
108
167
119
129
150
179
120
92
50
32
155
26
94
174
16
25
38
7
59
37
11
101
41
32
36
57
124
8
27
5
47
107
75
90
39
44
87
61
57
23
17
16
19
94
40
139
48
97
67
175
9
70
50
54
15
14
35
126
65
2
77
4
73
12
129
28
80
24
93
82
84
51
33
29
89
120
71
10
36
95
102
151
94
78
42
91
76
64
6
33
69
133
98
103
41
53
19
3
121
49
20
43
39
39
109
1
22
88
31
152
55
175
172
105
165
85
71
140
18
114
45
112
74
26
118
68
172
103
185
62
148
119
110
81
13
22
34
52
108
59
179
94
96
110
170
8
207
164
78
26
106
92
33
197
113
46
63
125
159
154
27
26
111
47
30
13
33
77
123
132
177
11
41
8
25
39
14
67
172
11
44
33
16
37
12
7
112
45
139
17
15
54
77
26
2
38
75
35
5
102
65
41
61
24
124
50
84
140
74
32
148
85
22
71
95
121
87
23
9
46
19
69
27
141
47
78
29
109
97
31
36
125
17
91
64
1
105
126
81
34
42
40
29
56
175
55
4
43
10
77
149
48
202
6
80
3
52
129
131
162
31
82
93
27
94
113
18
66
51
120
120
98
13
21
26
142
30
73
186
90
54
88
70
65
30
19
94
175
142
44
116
59
129
198
86
18
108
28
20
187
132
101
199
114
56
207
100
115
62
121
50
165
106
94
57
152
191
134
114
103
68
63
133
120
49
31
118
64
10
22
51
37
14
11
32
5
71
69
129
23
9
24
72
47
38
25
19
6
33
127
112
95
94
98
59
45
41
110
75
103
36
16
50
88
30
105
7
97
61
93
91
29
78
90
43
44
8
101
18
153
56
40
1
73
4
39
151
70
55
44
120
113
65
68
17
35
140
3
13
15
92
12
115
140
177
102
126
57
138
126
54
148
10
86
79
114
64
80
42
48
111
26
111
73
81
27
34
117
160
146
122
36
71
52
82
87
88
63
104
141
131
121
2
118
28
85
82
71
96
182
49
99
67
46
31
62
30
84
76
66
5
189
94
20
125
77
26
163
74
195
132
162
4
27
29
122
27
129
154
13
108
204
47
11
164
113
44
51
38
5
7
41
11
4
87
113
25
24
17
109
9
47
19
27
49
65
8
54
15
30
126
114
28
33
50
123
37
23
40
22
36
129
32
103
10
132
144
16
47
12
52
73
45
3
56
26
95
2
6
61
14
91
110
31
73
75
150
93
94
48
97
151
13
88
85
81
104
140
20
66
69
80
98
39
43
46
42
152
84
101
76
129
70
71
115
29
105
148
89
1
106
120
55
13
1
121
78
205
71
35
22
112
192
57
157
18
59
202
129
164
65
90
113
79
4
68
64
82
166
167
172
170
34
191
178
33
72
2
63
20
139
73
177
161
121
68
27
166
167
77
67
120
169
8
194
61
62
152
133
174
166
141
29
2
54
143
15
20
151
4
36
7
61
12
11
37
199
25
19
74
44
17
18
23
5
69
31
24
22
101
47
38
10
8
81
9
1
148
113
59
70
125
109
51
35
2
8
120
78
41
45
27
84
42
112
14
65
39
32
85
166
166
26
94
152
48
97
29
28
91
95
93
49
71
166
46
21
19
52
139
123
191
66
80
3
88
121
154
55
189
114
150
116
164
90
133
40
127
97
63
73
6
82
16
115
75
34
20
62
161
121
134
50
87
129
105
172
34
114
50
8
53
43
57
67
56
180
160
99
56
82
44
68
122
68
103
34
114
96
33
102
149
128
64
126
132
159
26
103
126
106
2
190
50
57
44
30
19
32
25
37
41
11
75
3
5
4
49
14
10
17
23
143
15
61
56
24
85
103
38
7
19
44
125
33
101
51
20
73
43
69
124
8
65
96
52
71
47
94
54
39
36
97
151
55
22
34
93
102
18
139
76
9
135
59
87
105
71
20
16
6
91
12
120
161
48
28
45
197
88
26
72
35
32
149
152
63
46
94
2
48
131
77
70
81
27
82
66
118
152
129
44
112
50
102
64
98
141
164
1
106
3
208
73
78
73
67
95
165
168
163
40
29
26
42
107
163
74
126
132
84
79
57
17
111
21
108
140
31
100
40
31
179
152
109
154
189
129
137
186
57
81
152
175
90
86
21
148
185
123
73
162
200
80
117
187
67
107
185
203
17
9
95
7
23
46
91
8
97
87
11
34
71
93
209
25
41
24
90
51
5
32
35
109
44
45
2
16
73
37
64
84
61
39
52
74
36
140
138
14
18
15
47
1
59
112
172
12
123
4
57
6
42
94
120
40
155
189
38
19
75
27
173
82
117
85
114
48
124
69
76
33
164
88
61
122
101
43
54
65
80
120
96
125
152
22
77
3
121
113
113
126
141
129
96
104
48
152
199
98
78
126
81
30
164
28
110
8
115
8
74
26
108
151
62
70
29
187
42
99
94
27
105
144
67
20
102
34
63
13
177
91
72
10
133
139
71
27
192
53
1
50
178
162
27
109
111
55
129
49
118
38
112
9
37
14
36
91
52
39
17
6
16
12
10
11
7
101
26
61
23
47
75
93
3
38
2
35
69
19
34
79
24
208
5
4
87
83
126
78
41
53
43
44
65
54
32
129
105
20
51
82
71
152
49
98
74
8
15
94
46
1
113
152
59
81
95
88
109
64
150
48
55
120
22
56
85
133
42
154
97
25
172
123
18
73
40
63
148
70
177
121
1
45
28
73
60
122
202
16
166
106
151
19
81
80
29
27
76
111
31
71
191
188
13
67
103
57
160
152
33
176
150
189
166
141
71
129
30
31
110
113
42
84
62
50
96
177
29
165
132
59
27
126
162
94
142
113
100
210
93
27
27
73
102
129
47
24
11
7
5
74
39
22
37
46
54
166
38
61
16
30
93
20
15
70
14
148
47
65
3
48
44
34
8
57
17
51
43
19
4
41
25
59
40
101
94
98
35
10
12
48
23
32
87
111
29
126
9
27
125
36
132
55
120
105
33
66
97
2
71
133
29
34
52
18
99
28
184
64
199
71
75
150
79
112
31
49
6
1
196
73
82
6
102
24
90
129
56
113
142
116
118
104
50
131
27
88
139
121
84
147
199
129
109
71
27
56
69
189
95
129
103
63
91
45
73
62
152
26
34
78
114
72
80
13
65
151
67
122
92
92
166
178
140
3
162
143
108
96
53
81
68
71
77
66
161
198
166
13
84
60
108
164
186
42
185
44
124
41
14
65
11
2
75
84
47
36
56
23
116
38
35
10
40
7
37
125
51
44
126
9
32
73
15
31
93
25
8
6
5
17
64
41
133
59
67
39
33
12
54
45
52
73
61
126
28
87
114
18
29
60
57
44
30
104
124
1
91
24
63
19
46
48
71
69
208
101
44
16
20
105
59
152
129
128
22
151
27
50
70
55
97
26
131
81
103
43
20
94
77
80
3
39
138
4
78
26
150
148
42
99
95
34
71
82
179
112
85
73
109
183
132
143
110
94
70
163
106
13
33
118
105
74
49
178
189
98
191
113
161
73
34
166
110
142
111
88
147
107
183
124
61
159
105
26
68
121
140
139
120
66
57
71
62
152
175
92
126
44
39
141
151
8
7
5
37
12
38
19
47
11
52
149
9
3
20
79
17
120
44
48
87
88
41
39
152
25
33
36
14
151
8
24
54
30
73
94
97
15
65
61
163
43
94
59
55
132
111
113
112
23
32
69
1
126
98
91
82
45
98
148
84
161
16
10
35
51
125
178
93
95
129
123
101
6
133
42
73
77
70
85
49
78
164
80
105
75
114
50
63
27
2
26
81
44
124
152
4
61
84
22
26
110
139
74
118
2
46
29
57
40
34
68
185
103
198
13
150
67
106
31
119
66
52
170
175
121
100
131
139
71
140
99
141
162
56
18
76
53
26
28
211
96
121
57
80
62
114
72
188
21
187
189
60
80
7
82
6
9
36
11
77
7
17
112
154
166
19
37
95
23
12
101
44
54
46
98
8
15
38
2
26
94
121
141
40
14
41
125
5
47
16
3
18
1
115
4
35
45
33
80
28
61
51
48
71
88
91
27
133
24
52
25
113
34
59
90
49
85
75
118
74
65
80
192
84
95
76
32
84
22
42
37
64
191
93
31
33
140
20
39
154
63
66
79
69
70
30
68
70
178
138
167
155
116
10
57
56
136
29
87
73
166
66
86
43
132
10
103
61
105
129
126
175
96
114
81
66
165
109
27
139
31
184
78
60
111
55
71
120
123
27
129
21
62
188
156
129
19
27
67
100
150
97
131
36
171
114
73
44
12
7
23
38
5
37
22
80
125
29
11
42
9
71
43
47
121
112
101
54
75
44
14
57
19
194
36
67
10
105
1
32
61
66
93
71
39
2
73
24
18
55
17
15
97
18
3
27
8
67
4
45
35
113
70
151
26
153
74
28
65
76
40
144
51
41
26
133
25
34
86
132
82
87
149
133
59
23
16
85
102
50
187
113
52
123
69
154
126
21
48
94
95
71
94
120
6
63
128
114
20
106
139
99
95
120
162
72
129
46
84
64
104
134
68
57
109
103
30
56
99
91
189
92
122
62
110
96
73
98
131
16
175
86
199
80
78
16
109
82
141
107
129
33
111
88
188
16
116
197
79
31
94
146
47
2
47
6
38
33
69
25
7
11
139
48
5
59
37
15
50
23
36
14
62
8
18
12
140
17
40
24
84
41
165
132
39
32
17
9
19
135
71
64
93
26
21
129
102
112
10
14
71
65
148
91
154
45
147
74
87
27
85
70
44
54
101
73
189
97
61
126
86
29
3
73
30
151
52
16
22
94
68
88
51
79
122
191
121
105
75
4
55
49
94
186
35
118
82
207
192
111
90
43
10
28
172
66
30
80
70
78
183
31
1
129
98
131
61
34
95
108
96
72
161
120
115
56
103
20
24
109
76
125
47
114
47
124
48
1
46
26
63
166
123
96
99
95
147
104
117
126
129
133
129
1
29
42
94
116
16
107
188
138
31
92
171
112
36
23
24
10
17
41
11
38
93
5
42
45
51
56
39
94
44
14
212
113
12
62
7
27
33
31
55
102
25
37
32
16
52
65
94
3
87
140
15
61
54
75
6
139
34
73
20
4
129
8
19
113
9
152
131
105
114
69
91
47
46
76
95
85
99
133
29
28
121
98
77
21
54
125
2
49
64
59
148
74
30
48
63
18
101
1
108
47
82
97
68
73
96
90
88
150
120
189
84
71
150
63
134
81
123
103
26
35
167
95
126
1
40
175
22
66
109
153
47
200
78
131
26
111
13
129
73
154
17
54
186
57
94
124
22
154
162
70
182
56
159
50
26
185
122
146
208
50
174
199
77
183
43
106
27
16
53
48
99
77
1
47
89
41
48
38
5
11
47
16
120
139
14
75
71
95
6
15
76
44
24
129
73
93
37
54
101
19
97
50
22
59
65
154
133
53
52
161
12
140
32
80
2
7
61
144
45
160
36
23
9
112
17
172
4
109
64
39
26
132
67
91
51
49
142
61
84
46
74
166
25
8
10
35
121
3
61
40
87
1
79
96
55
82
33
124
88
27
68
20
81
27
141
94
167
114
90
34
138
42
197
120
69
130
113
85
71
94
44
138
103
128
19
164
29
125
170
166
179
62
126
57
199
18
107
21
63
34
29
78
150
89
149
77
105
131
28
99
129
77
167
199
70
56
207
32
178
205
53
39
159
165
102
123
9
31
94
156
40
5
11
47
12
37
61
42
91
44
15
4
109
65
8
69
5
14
41
32
17
66
39
138
9
23
85
10
7
24
87
48
112
19
6
27
115
3
38
28
20
49
84
53
71
50
36
2
16
57
21
95
52
70
94
73
178
98
105
101
43
46
33
74
40
54
102
40
75
89
45
102
72
55
25
35
90
59
131
161
82
106
27
93
6
128
67
199
80
120
110
150
39
29
30
96
79
22
26
103
71
47
155
97
31
88
148
125
39
133
18
73
124
59
171
61
63
22
139
114
81
104
129
56
165
64
68
34
135
52
1
126
188
78
27
130
50
197
174
149
73
70
83
154
19
152
71
161
51
126
105
111
121
1
121
65
82
132
172
189
99
27
94
116
33
47
98
67
47
140
73
179
5
12
44
37
2
24
65
169
80
36
11
73
39
59
14
38
16
93
32
97
6
17
87
47
45
78
91
7
75
3
30
8
20
9
66
15
101
52
41
102
95
35
110
27
96
54
88
74
61
1
51
46
105
23
48
69
82
42
113
72
79
84
71
25
22
56
73
19
43
10
103
127
106
18
81
150
126
139
76
86
132
94
50
31
44
112
57
73
28
4
40
171
33
94
152
133
164
109
135
34
154
7
141
49
182
114
52
151
121
60
178
27
129
77
124
172
77
61
43
68
67
70
98
71
37
44
11
27
110
96
131
85
140
166
92
120
64
29
162
55
6
26
58
11
5
17
38
98
27
139
94
129
6
87
16
1
15
85
7
40
61
24
71
69
78
9
74
2
88
59
12
10
73
37
63
65
19
126
3
44
26
47
93
112
4
56
81
116
84
23
25
8
70
44
14
149
95
129
8
16
43
28
96
164
48
91
36
34
75
148
101
39
147
41
171
64
152
54
31
154
33
32
18
51
89
125
50
42
35
82
174
52
22
72
126
55
140
68
97
106
76
90
178
141
50
123
172
66
45
109
29
115
110
120
75
79
102
31
57
20
46
105
113
103
22
155
113
49
29
179
80
92
41
114
154
111
94
162
133
82
13
105
73
120
30
71
26
153
169
150
34
118
146
129
52
40
85
47
24
14
37
23
11
36
19
44
5
15
74
18
9
114
80
38
91
149
148
73
56
97
95
39
17
26
16
51
93
207
120
87
140
61
25
27
22
50
54
12
7
20
8
3
45
103
112
32
167
2
102
52
42
10
189
41
35
31
82
34
84
116
4
78
65
126
105
133
131
61
59
92
69
64
2
1
118
85
198
74
63
101
165
13
27
90
94
76
75
186
71
29
48
55
46
6
154
185
125
43
48
33
98
155
22
79
70
172
44
139
110
146
106
151
166
13
40
28
142
99
96
121
65
113
67
57
11
129
210
155
152
21
144
88
209
81
132
108
67
150
141
115
49
77
175
83
135
50
194
86
201
94
163
2
44
12
44
23
7
9
10
37
11
27
38
24
47
46
93
65
160
87
4
5
94
36
82
14
106
8
16
17
85
84
61
75
15
102
25
126
2
88
155
32
54
26
131
71
97
59
70
41
1
27
40
69
18
139
13
19
35
151
63
133
91
122
6
179
146
64
109
76
112
16
51
39
29
96
73
90
59
30
126
33
95
103
20
45
80
52
120
22
81
61
43
187
171
26
49
123
129
55
28
3
72
34
61
92
156
73
140
68
191
10
27
141
50
121
98
199
31
57
195
200
48
107
213
26
78
173
101
74
73
105
127
36
140
135
167
125
135
47
114
33
10
83
67
132
118
78
189
42
166
124
165
53
79
198
201
110
29
35
37
5
44
99
9
11
80
38
120
16
14
61
7
94
56
105
69
24
30
94
59
65
20
143
17
19
123
94
36
3
101
23
12
113
64
33
34
98
25
84
15
141
112
129
6
47
45
139
70
71
54
32
22
85
4
1
87
71
75
42
159
65
68
93
173
26
57
73
125
18
27
182
121
74
114
133
81
95
39
41
103
43
51
29
144
52
55
90
29
50
46
78
76
95
109
184
48
102
8
88
67
113
172
91
54
63
132
167
77
34
62
70
131
175
140
31
2
10
202
49
28
102
164
29
64
110
72
97
70
82
96
59
40
151
126
192
19
71
33
28
34
53
65
159
111
65
79
66
34
73
183
22
71
2
5
15
38
17
6
121
11
61
103
7
54
40
18
19
36
16
37
93
22
50
8
47
190
31
23
69
44
24
10
94
9
82
160
28
14
133
59
27
33
25
97
32
85
39
55
12
75
41
48
102
112
16
87
51
3
131
99
20
165
73
129
3
154
45
62
172
34
150
49
91
4
74
65
42
35
29
126
111
114
139
124
141
63
30
81
120
151
43
121
95
1
52
27
102
76
72
201
113
26
122
105
113
96
101
57
136
70
57
67
68
84
33
79
109
80
73
70
141
56
148
123
179
167
110
177
98
66
115
78
71
140
114
14
86
64
90
135
36
125
34
184
46
152
132
12
11
12
9
23
44
55
61
15
45
5
33
3
133
7
4
8
69
19
38
95
86
17
24
20
6
108
14
106
94
36
80
52
40
25
114
2
34
47
156
91
54
46
103
28
101
37
39
41
87
65
141
87
113
1
48
150
64
93
148
75
62
102
109
22
61
10
51
59
125
16
57
123
73
63
56
185
85
27
114
172
68
150
139
10
40
18
129
84
32
76
140
134
132
159
98
97
42
67
82
179
116
33
115
50
8
112
94
74
29
43
90
66
155
26
162
120
157
88
81
124
17
105
149
78
71
96
197
80
126
150
35
22
125
31
121
94
7
212
70
165
154
73
21
129
119
14
7
15
139
38
11
1
2
36
5
61
40
33
151
52
9
65
126
37
17
23
32
87
112
81
88
71
35
14
55
41
113
24
39
18
73
48
43
102
54
51
27
109
59
44
47
84
125
20
25
34
16
172
80
95
19
82
12
50
79
93
4
186
45
129
97
6
22
8
131
160
3
69
105
28
57
75
155
166
106
13
94
146
187
98
202
101
92
133
27
99
26
120
159
42
114
74
56
111
10
121
91
50
49
122
177
67
46
27
86
62
148
61
85
77
96
162
30
153
73
123
83
104
105
143
132
56
110
60
188
189
98
94
90
103
68
144
78
129
110
182
71
134
165
197
26
29
67
46
47
9
26
69
167
11
41
7
42
5
93
172
65
3
36
61
23
16
8
32
87
46
37
35
101
38
187
44
52
61
22
17
12
87
48
54
19
75
39
131
121
2
14
4
73
125
71
45
6
34
95
24
49
72
27
25
88
59
82
76
55
10
97
136
31
70
18
108
80
85
98
126
94
33
43
101
151
1
20
91
124
40
30
146
15
96
164
50
34
113
30
105
51
74
110
60
184
110
129
90
112
59
125
63
122
29
103
29
150
132
149
113
86
94
140
120
1
162
56
133
141
64
68
144
102
1
99
80
57
73
153
81
150
106
150
189
104
21
102
6
91
71
91
64
131
110
169
50
175
10
34
145
114
11
75
11
101
9
47
3
14
38
24
71
103
129
40
36
37
52
42
7
82
23
64
16
43
15
17
98
12
126
61
44
54
2
148
4
18
39
20
153
57
123
3
5
132
138
49
80
22
45
32
50
73
183
25
10
114
124
69
113
48
95
151
91
46
78
112
158
93
8
51
87
74
59
41
34
77
88
33
31
65
19
6
35
113
105
144
85
56
33
55
19
63
178
50
120
27
61
84
28
26
131
94
102
122
109
90
33
92
70
1
123
152
21
97
26
128
54
73
71
33
139
203
89
78
144
133
22
88
140
171
81
27
100
76
164
72
26
142
172
26
121
125
30
115
66
108
105
158
70
186
153
62
1
162
161
114
209
110
106
116
96
81
