1
2
3
4
5
6
7
8
9
10
11
12
13
14
15
16
17
18
19
20
21
22
23
24
25
26
27
28
29
30
31
32
33
34
35
36
37
38
39
40
41
42
43
44
45
46
47
48
49
50
51
52
53
54
55
56
57
58
59
60
61
62
63
64
65
66
67
68
69
70
71
72
73
74
75
76
77
78
79
80
81
82
83
84
85
86
87
88
89
90
91
92
93
94
95
96
97
98
99
100
101
102
63
103
104
105
106
107
108
8
109
110
111
112
113
114
115
116
117
118
119
120
121
122
123
63
124
125
126
127
128
129
130
131
132
133
134
757
135
136
137
138
139
140
141
142
143
144
145
146
147
148
149
150
53
151
152
153
154
155
156
157
158
159
160
161
162
163
164
165
96
117
166
167
168
169
170
171
172
173
174
175
176
177
178
179
180
181
182
183
184
185
186
187
188
189
190
191
2
192
83
193
194
195
196
197
198
199
200
201
202
203
204
205
206
207
76
208
209
210
211
192
212
213
214
215
216
217
218
219
220
221
222
223
224
225
226
227
228
229
230
231
232
233
26
234
188
235
236
237
238
239
65
240
241
242
243
244
245
246
247
248
249
250
251
252
253
254
255
192
256
257
258
259
260
261
262
263
264
265
266
267
268
269
120
270
271
272
273
274
275
276
277
278
279
280
738
281
282
283
284
285
286
287
288
289
290
291
292
293
294
295
296
297
298
299
300
301
302
303
304
305
306
63
307
308
309
310
311
312
313
314
315
316
317
318
213
319
320
321
260
322
323
324
325
63
326
327
328
329
330
331
332
333
334
335
336
337
338
339
340
341
342
343
344
345
180
346
347
348
349
350
351
352
353
354
355
356
357
358
359
360
361
362
363
34
364
365
366
367
368
239
69
190
369
120
143
220
724
323
171
31
370
144
371
368
297
372
147
373
13
374
363
375
169
298
30
376
282
377
378
411
380
326
26
66
34
10
381
382
308
243
201
383
228
384
385
386
127
196
1
150
209
387
723
388
389
390
391
392
393
394
260
82
153
340
111
395
106
396
397
315
398
399
400
84
216
401
180
354
72
27
9
43
402
275
741
321
403
404
405
63
301
406
52
347
407
166
408
253
409
367
410
734
411
412
435
126
151
141
37
130
55
413
414
339
64
149
415
58
311
416
417
418
163
236
265
152
419
420
421
422
423
424
425
426
47
427
428
429
139
355
291
266
67
20
430
431
432
433
19
434
241
435
436
284
46
224
309
60
310
3
113
68
38
53
331
336
153
437
438
439
173
345
213
133
61
29
440
255
187
163
114
78
145
421
212
112
115
40
441
102
442
443
44
444
445
295
358
352
350
100
446
293
447
176
182
57
157
154
236
448
232
645
105
449
450
292
98
230
159
451
93
452
214
453
454
231
455
456
457
332
335
351
239
87
108
314
458
77
264
270
222
165
459
80
189
460
461
6
437
329
462
76
463
464
101
465
466
294
341
227
12
467
83
468
469
327
470
471
472
136
473
344
110
65
474
475
128
161
121
255
476
59
477
478
479
32
362
48
480
175
42
481
99
200
482
132
320
483
268
318
484
259
177
375
485
156
194
486
91
487
236
488
153
303
54
225
17
199
489
356
490
491
146
492
493
290
344
494
215
359
49
160
28
185
495
83
310
45
235
496
497
449
498
747
499
28
164
330
500
36
501
502
35
208
23
503
168
15
504
505
506
18
281
92
183
198
322
507
508
278
96
733
240
283
748
738
75
509
226
3
256
178
342
510
511
512
117
245
209
192
165
314
310
156
316
406
415
513
386
270
22
245
218
514
122
152
222
500
515
140
83
441
425
15
516
195
296
484
395
517
518
420
442
293
56
344
77
86
66
738
155
402
519
375
520
216
224
521
11
23
240
188
100
228
327
522
82
523
107
483
501
138
524
252
189
132
451
464
278
35
370
43
46
307
345
30
429
210
395
101
168
6
525
526
527
367
323
34
26
176
7
255
497
456
421
528
529
295
74
396
530
355
531
532
271
533
19
264
147
260
439
142
419
534
358
350
363
353
535
113
174
145
536
213
534
128
537
403
284
485
180
538
79
37
281
539
410
205
540
360
541
380
53
542
151
89
211
543
148
384
436
133
449
544
196
346
364
545
411
137
399
546
250
547
291
548
549
31
305
122
87
81
338
326
63
24
135
550
97
401
551
552
65
219
115
317
60
85
387
10
261
98
343
122
149
202
28
435
25
203
139
306
481
119
143
553
1
339
318
409
477
359
118
151
114
233
554
241
555
361
397
221
475
556
557
486
90
356
443
147
185
509
297
374
164
558
125
55
71
133
126
285
559
131
334
294
560
302
254
467
424
561
69
229
72
312
12
227
495
95
7
78
159
562
116
2
220
465
563
249
564
231
223
565
396
335
239
292
566
287
506
186
171
567
568
461
268
569
570
40
47
324
189
571
115
572
350
573
200
574
479
129
325
13
303
172
208
407
480
199
5
62
724
419
39
301
274
469
141
242
449
575
576
577
388
404
84
4
578
93
381
270
17
347
50
341
102
290
461
44
579
1
288
580
27
247
130
198
490
48
328
366
581
136
235
42
365
582
315
76
241
284
326
8
356
147
171
583
207
281
333
20
561
190
189
565
243
154
240
169
546
477
584
539
272
290
32
483
23
173
71
75
363
136
515
152
585
586
587
588
164
34
195
189
446
291
63
178
8
437
337
295
589
120
11
590
500
61
151
96
331
180
246
591
124
592
234
27
370
351
155
490
325
4
458
432
391
231
49
593
594
383
44
301
1
253
75
595
67
239
292
733
215
341
216
213
36
15
113
536
116
166
596
257
255
172
402
187
752
60
541
114
65
533
597
560
598
562
384
76
283
211
380
323
191
84
132
111
453
472
410
308
344
236
113
449
119
204
121
489
54
177
157
599
342
321
117
523
233
19
426
153
51
311
80
176
3
339
25
212
252
427
538
600
125
348
263
443
40
601
133
447
602
319
732
192
535
55
143
93
185
293
603
270
568
467
188
604
306
605
18
465
335
261
85
516
193
78
77
396
606
397
388
607
578
94
558
327
359
254
304
371
563
608
499
445
142
354
439
9
548
730
180
487
416
554
385
122
163
345
730
214
537
226
297
112
127
174
733
468
381
609
610
330
267
465
266
217
16
365
611
612
417
159
194
476
460
175
2
419
110
227
218
461
522
328
33
316
273
162
282
72
46
434
531
613
451
614
358
382
128
466
615
90
6
616
408
302
237
436
449
617
17
334
298
401
280
122
74
525
144
186
547
277
200
135
421
250
150
235
91
618
315
141
230
497
198
201
27
340
148
459
506
619
249
129
293
552
367
360
414
507
5
314
181
493
232
514
259
620
621
31
274
197
310
324
464
206
622
309
285
498
559
462
412
350
39
374
180
37
410
623
254
560
519
392
321
360
140
33
101
126
7
40
383
499
244
306
239
119
27
163
209
38
442
154
43
63
569
369
590
146
47
255
294
179
259
387
496
263
354
492
489
44
344
171
473
224
335
624
160
258
398
115
506
69
370
301
1
449
218
625
169
538
212
96
626
13
627
314
413
112
628
67
629
462
389
520
117
53
114
630
631
488
512
590
295
159
382
495
632
187
10
581
183
542
123
606
407
350
595
327
34
226
165
269
633
182
477
617
281
131
91
552
423
455
550
71
45
161
236
464
153
634
42
19
415
533
465
376
84
635
8
3
226
122
57
494
136
589
307
636
458
440
21
420
336
284
233
637
334
638
92
133
544
546
184
273
252
416
612
338
451
528
72
304
439
564
517
207
511
31
346
507
475
461
102
476
337
144
203
206
639
565
359
640
551
641
121
173
137
615
228
185
25
216
406
434
125
443
138
176
683
585
220
15
139
380
202
433
4
418
403
529
332
642
643
498
200
189
84
644
645
68
267
646
34
65
185
198
647
648
135
210
362
649
363
580
302
534
650
36
484
35
651
174
95
652
38
372
192
262
432
199
441
261
310
18
98
197
316
558
467
129
243
573
22
76
653
178
313
654
41
502
298
448
430
619
288
130
341
60
30
419
73
289
316
234
655
593
165
472
656
621
417
109
584
291
446
543
402
221
391
1
156
381
186
548
468
52
93
271
657
658
46
49
393
659
168
150
120
106
357
315
123
305
175
222
423
660
661
594
600
38
20
503
235
287
480
283
470
386
311
149
38
236
265
71
29
330
80
347
662
326
663
649
520
334
81
291
305
550
439
19
628
637
630
189
491
316
53
7
1
175
111
482
576
553
431
664
584
665
275
24
136
155
644
54
581
15
397
37
640
496
150
63
240
369
273
463
257
73
401
255
252
317
449
193
8
133
475
666
667
217
284
156
421
516
11
62
441
357
448
392
89
501
113
222
230
340
467
629
372
668
432
279
159
569
217
375
505
109
540
527
669
249
58
34
188
87
2
267
515
327
670
122
338
114
245
60
243
68
231
251
488
98
529
521
331
511
10
362
343
438
339
137
153
671
646
107
536
493
465
146
44
234
384
524
257
503
52
420
633
352
622
322
528
41
196
643
315
88
216
195
286
43
93
63
336
425
558
387
229
77
181
383
566
650
573
3
672
548
263
144
72
302
563
502
635
546
108
378
455
142
489
436
673
674
47
451
500
306
487
100
154
83
610
31
370
75
636
346
541
598
287
350
126
224
228
285
110
299
360
318
675
359
4
241
625
323
259
567
85
42
138
225
453
11
88
460
260
128
464
337
410
84
115
676
471
101
194
358
328
499
589
178
56
277
583
748
555
411
376
353
86
433
609
268
189
450
272
237
623
223
547
462
677
244
178
123
40
13
112
266
313
131
162
530
474
200
154
678
261
130
76
37
388
679
91
632
680
494
166
398
35
607
117
325
25
444
23
69
92
79
603
233
321
442
18
186
547
627
658
70
427
207
150
250
681
602
437
55
682
292
165
177
253
239
1
415
190
261
484
447
117
55
90
278
142
171
8
63
308
57
323
123
153
45
313
127
293
32
537
51
338
683
543
503
37
7
23
253
188
212
266
401
449
47
559
570
584
529
129
10
6
370
199
121
309
381
218
496
681
343
514
621
441
53
674
79
148
217
310
53
229
102
575
623
203
216
14
126
240
661
684
156
294
482
101
397
10
72
113
425
202
69
320
685
483
29
16
521
406
95
25
231
273
33
686
434
456
257
35
78
168
344
86
470
333
609
373
379
116
687
451
348
263
191
331
3
534
250
33
98
260
462
726
248
530
655
301
209
143
195
347
531
242
567
432
371
495
58
329
511
164
163
83
245
335
240
420
141
303
497
479
421
489
644
614
312
227
355
11
536
179
450
352
465
91
499
161
169
354
485
214
682
15
249
664
162
411
340
396
464
311
50
688
12
239
689
480
589
359
382
351
296
346
39
117
603
375
213
337
97
75
649
545
409
441
398
228
389
233
211
608
197
321
420
154
350
241
403
173
232
182
19
378
243
282
459
643
402
174
654
226
341
13
469
92
247
408
254
606
269
206
53
677
208
163
40
437
544
509
523
412
211
522
488
453
165
318
80
317
548
591
114
542
180
654
565
270
82
54
153
157
348
461
581
175
324
384
395
422
108
620
28
339
610
61
334
284
535
458
585
574
442
87
690
139
616
474
633
342
676
561
388
646
513
178
327
166
322
349
383
89
399
266
29
339
55
338
9
588
376
236
632
543
503
255
563
298
291
250
68
252
26
153
165
502
373
691
609
410
655
625
233
127
121
546
39
54
392
442
389
265
287
346
405
441
533
119
336
40
387
215
288
562
676
171
593
225
217
486
324
207
326
629
296
84
301
302
500
596
216
383
184
692
364
492
653
424
212
520
135
600
173
410
260
200
684
473
469
499
738
398
446
208
693
126
501
66
239
128
406
59
393
483
314
352
651
283
468
237
230
77
3
190
694
399
695
608
195
210
554
378
228
435
330
305
335
666
517
404
98
617
300
304
351
223
475
35
505
273
480
247
481
569
244
643
670
24
9
550
528
542
47
589
472
341
25
133
671
355
240
519
538
148
541
41
15
604
536
738
88
172
251
407
369
6
334
657
371
168
102
564
56
206
70
87
258
580
362
248
298
103
355
214
397
279
282
162
96
470
403
395
688
13
232
235
340
512
612
307
487
644
308
526
422
120
457
420
82
687
530
85
167
581
257
132
60
63
133
104
359
1
130
156
532
489
614
303
522
259
16
221
316
358
117
43
308
101
111
272
173
65
131
189
49
353
253
142
618
301
152
268
180
125
201
473
254
385
146
312
249
456
91
90
680
431
411
166
443
182
494
333
514
245
388
633
667
21
64
696
476
75
293
115
151
570
151
34
86
654
280
584
144
185
448
615
658
244
436
129
27
682
506
61
151
449
195
548
317
420
375
725
360
216
475
85
102
136
60
67
2
185
638
183
461
336
697
403
125
267
326
63
482
153
9
237
122
436
384
372
156
19
381
322
94
120
591
556
253
371
49
515
649
644
53
729
626
472
34
406
695
456
331
116
74
420
142
698
329
209
36
364
245
89
409
699
321
274
84
595
312
355
356
449
18
210
661
208
352
359
651
367
184
182
191
101
123
77
347
113
395
611
252
300
334
204
154
362
307
700
471
657
139
335
465
107
39
436
35
105
646
653
547
297
65
95
291
242
265
357
138
431
221
588
449
492
439
144
636
543
103
23
382
370
97
457
13
426
645
570
268
161
503
54
415
434
41
168
344
50
667
521
212
217
261
660
151
287
546
438
642
610
20
38
277
468
170
441
66
192
91
275
437
113
598
648
117
266
177
119
276
48
701
654
181
619
387
730
218
304
202
513
627
483
666
673
201
341
238
385
466
244
332
292
540
406
640
375
490
602
199
195
156
27
463
419
205
482
247
532
289
485
324
550
302
230
238
538
411
474
298
102
519
679
306
396
127
442
514
408
549
93
622
422
273
213
227
243
187
272
531
486
499
527
447
345
166
75
702
42
285
573
47
464
339
257
160
128
488
581
647
340
92
410
423
421
703
655
24
55
704
694
45
511
269
348
162
363
554
330
309
376
635
18
189
665
484
370
155
637
173
88
544
455
294
625
342
417
585
1
374
366
101
308
286
692
550
618
386
34
147
536
251
28
557
584
71
172
394
503
531
244
345
217
631
496
204
279
438
437
165
3
581
57
582
270
489
406
152
701
221
159
237
66
541
506
261
260
173
415
419
486
260
81
301
495
263
291
26
375
195
449
155
654
584
652
292
93
249
110
99
598
154
455
410
346
393
566
507
146
65
577
30
617
103
199
660
44
10
639
640
420
225
78
141
12
679
16
429
298
371
585
537
316
293
627
68
461
530
28
116
529
673
212
431
174
193
226
664
175
15
695
624
521
563
187
107
40
442
311
544
255
123
251
526
525
680
34
261
92
266
328
262
296
491
663
118
130
250
538
88
540
90
588
419
206
533
658
224
119
192
209
58
227
229
259
273
36
9
604
476
608
571
215
552
672
43
77
398
304
502
69
621
440
620
474
209
59
343
75
115
198
6
156
732
622
397
643
394
19
194
232
39
282
275
8
412
688
150
518
11
68
178
609
265
123
84
395
149
186
662
504
145
422
274
134
171
347
545
98
559
83
493
207
547
42
374
501
674
509
236
162
444
705
648
667
306
111
120
201
264
214
120
330
615
96
294
614
692
445
114
475
363
176
388
470
312
706
51
606
464
457
339
257
333
61
252
669
18
44
480
589
157
707
732
579
106
76
58
499
683
245
327
241
425
33
91
629
303
472
132
424
71
510
578
339
181
242
595
85
278
170
358
570
408
439
56
580
360
52
569
651
67
543
527
602
500
180
112
610
373
523
216
165
57
19
102
166
103
101
49
214
580
354
138
322
603
110
75
382
225
29
493
421
87
671
348
518
295
260
356
349
144
48
109
337
39
475
658
667
143
139
646
173
248
470
308
245
597
60
304
616
201
558
279
326
534
568
294
536
395
306
8
24
355
347
182
183
82
74
210
149
148
355
619
454
678
541
38
157
213
172
156
694
552
362
418
728
19
135
329
133
243
287
263
30
228
608
708
573
195
416
5
553
347
336
423
528
628
308
28
282
250
477
351
278
56
420
26
209
43
415
244
113
446
398
147
132
218
264
211
262
233
570
216
430
633
1
164
65
339
551
664
687
25
206
574
51
99
101
426
438
155
476
404
319
318
403
24
261
519
464
415
6
562
487
516
73
537
23
222
237
80
178
196
315
500
78
323
61
122
255
701
119
531
364
530
13
312
247
276
280
85
166
205
232
389
614
591
621
624
684
261
229
635
313
122
149
392
583
192
607
257
641
520
699
656
661
181
174
42
467
153
55
420
473
655
598
589
254
170
253
199
201
649
277
513
411
383
71
53
532
189
444
44
273
101
360
547
159
410
582
193
331
343
399
600
345
615
27
413
511
606
653
343
310
485
688
384
386
3
559
341
523
629
91
96
123
105
86
33
111
76
501
20
92
648
371
158
469
8
565
495
503
293
497
546
521
381
256
317
358
366
610
150
625
480
316
108
382
368
738
9
378
141
18
60
128
169
338
443
431
648
623
633
339
705
585
375
36
130
724
670
614
242
684
583
249
221
516
239
406
244
595
120
461
133
106
49
135
432
465
17
419
174
46
596
497
253
584
723
522
260
567
353
7
3
86
6
84
499
347
672
611
656
646
673
321
348
529
495
569
503
15
279
395
587
183
276
272
103
541
507
38
366
209
302
380
48
609
569
453
625
645
1
29
359
527
413
458
243
24
649
144
590
237
233
39
581
636
220
91
617
345
559
254
20
66
117
341
448
334
470
150
382
193
552
71
548
472
357
603
391
384
414
143
175
331
350
556
197
160
421
604
558
99
434
27
667
550
501
411
699
481
314
19
642
525
301
294
361
610
139
535
58
377
245
54
264
370
502
288
167
156
59
189
88
542
615
63
206
451
379
549
138
179
328
253
263
308
426
376
534
325
511
90
213
13
192
327
665
123
588
217
506
661
580
8
46
11
260
255
372
681
126
72
298
606
449
709
31
265
68
397
655
148
205
121
199
26
52
125
124
230
488
405
257
317
333
627
290
311
131
41
107
462
151
410
182
155
147
362
198
679
429
34
492
692
479
599
258
32
349
268
478
76
210
303
44
295
305
45
710
178
669
390
651
528
427
47
514
260
66
423
304
94
16
296
216
114
674
723
83
332
523
532
417
660
460
474
27
564
724
96
218
441
676
404
616
229
23
222
382
230
267
270
223
330
110
533
523
344
322
704
331
549
133
240
661
632
58
75
440
697
139
489
145
457
193
29
98
530
202
645
426
590
537
443
545
420
154
50
131
370
330
338
536
441
76
484
61
42
497
154
37
234
206
51
132
53
77
419
46
518
96
435
445
253
471
257
229
733
108
173
559
266
102
648
593
647
686
115
577
346
424
174
406
47
188
688
710
458
224
379
335
66
163
179
78
15
195
45
554
178
594
423
606
626
494
287
487
28
326
485
265
548
421
417
151
439
181
590
598
60
323
44
640
436
514
606
113
278
136
11
198
99
217
128
272
245
232
401
630
527
8
263
387
17
390
282
244
495
553
107
496
708
225
236
119
378
155
294
319
353
246
298
270
561
207
191
88
180
532
733
43
7
692
611
473
348
367
460
114
165
198
343
560
333
687
153
517
477
303
194
616
18
239
435
129
16
453
289
148
355
150
100
556
505
551
19
535
233
1
293
508
127
169
210
671
444
317
568
307
52
55
269
137
183
6
334
584
54
620
208
466
26
24
349
123
93
555
231
292
67
376
437
157
270
438
14
103
559
177
23
82
112
310
536
498
399
285
68
619
447
699
321
573
467
671
80
389
200
592
428
334
693
332
746
199
526
213
273
205
90
238
87
387
20
434
230
176
43
125
166
184
351
159
674
694
81
161
277
30
589
525
115
120
5
442
347
422
635
603
340
86
180
345
483
255
339
515
464
478
261
116
288
531
427
126
191
213
178
499
312
476
204
275
611
291
294
582
257
135
537
212
16
658
224
222
549
181
301
390
198
565
485
461
410
146
373
340
81
439
512
112
242
87
538
398
628
463
348
389
153
558
234
66
344
672
552
182
546
590
421
457
394
570
553
622
214
365
287
519
127
635
42
93
205
580
644
103
500
418
547
190
281
120
28
62
334
521
392
655
289
163
1
598
57
514
486
244
433
148
9
386
391
278
156
17
204
382
310
480
506
624
732
723
569
643
160
699
529
493
27
596
298
162
197
651
200
444
243
83
136
253
432
69
155
186
384
246
90
473
270
256
674
89
266
727
267
520
239
273
600
694
92
379
692
472
184
446
371
328
702
583
129
451
409
477
601
686
650
579
161
168
322
561
107
535
109
285
241
550
33
143
638
75
123
180
620
276
509
296
404
202
114
323
52
571
615
522
402
586
260
523
697
426
130
395
711
455
331
593
667
268
397
488
453
56
215
24
157
541
629
284
208
494
188
193
442
413
216
498
121
76
141
669
344
159
104
260
516
220
545
207
513
353
539
11
84
588
647
429
724
218
468
374
54
77
663
606
617
405
206
306
125
189
625
1
329
397
430
732
502
292
465
470
297
142
30
39
591
532
505
315
228
229
336
525
259
91
626
576
251
439
223
526
228
474
263
409
467
469
110
270
514
107
289
113
461
53
550
581
503
225
121
641
241
256
221
359
459
160
151
24
485
273
229
235
272
593
487
456
319
617
117
599
643
249
465
66
156
444
169
184
431
433
82
290
408
179
77
457
460
644
645
308
553
587
41
570
284
493
34
86
388
339
145
374
137
87
285
343
549
293
661
162
676
312
185
636
257
306
468
140
189
121
243
298
23
371
674
432
166
103
142
589
446
572
47
31
401
414
21
507
379
378
236
502
519
201
577
163
391
552
398
655
207
60
265
224
356
130
464
172
19
667
458
652
663
699
75
323
673
230
227
337
176
462
623
481
480
232
168
194
350
558
547
147
167
44
580
42
87
679
476
689
317
399
139
53
239
204
687
660
479
595
369
387
612
524
18
188
651
559
407
234
104
123
199
95
38
101
266
156
70
621
231
236
302
54
307
341
539
74
127
217
536
247
315
393
611
435
76
731
494
375
61
58
595
544
135
406
122
685
688
205
38
508
236
141
607
360
266
96
501
206
531
187
585
68
80
416
495
344
51
38
364
190
180
631
411
186
170
335
543
112
561
54
567
622
532
586
136
53
700
712
352
9
560
195
71
292
111
427
483
161
363
397
516
125
351
316
376
261
179
191
30
665
326
569
64
442
25
565
151
632
528
309
551
541
8
591
443
11
85
296
690
358
324
100
305
336
35
435
212
1
122
658
93
81
104
303
199
54
295
562
468
92
166
55
426
461
569
642
173
381
65
302
483
617
312
507
683
183
266
316
359
695
635
121
7
122
500
277
590
59
418
674
336
394
309
14
519
38
52
327
298
125
256
65
611
488
603
226
651
222
557
642
46
428
2
238
556
113
536
154
464
225
253
340
119
135
299
145
441
182
304
146
129
74
198
689
462
115
280
174
82
484
534
485
341
18
406
19
436
555
179
446
56
31
294
570
254
643
41
707
270
581
624
152
249
167
604
257
533
565
700
513
655
638
558
150
211
665
363
43
15
523
389
298
165
606
662
97
180
465
688
408
334
407
641
670
648
371
524
561
342
258
582
194
224
10
517
476
520
267
268
591
344
343
75
64
105
348
423
358
469
478
48
640
501
368
155
515
575
331
415
148
366
153
25
57
419
29
47
60
191
275
704
143
378
448
127
713
438
487
116
34
32
181
323
494
27
138
127
78
314
240
140
417
187
61
360
406
264
82
443
425
622
85
120
699
682
252
508
332
439
512
623
450
404
121
608
434
232
107
199
374
341
351
470
350
495
564
598
228
422
386
543
259
370
216
335
613
30
544
610
456
118
552
463
296
286
567
164
53
330
636
597
141
563
384
352
191
153
132
419
456
663
714
95
480
642
159
563
216
643
34
84
446
126
156
246
277
565
348
538
100
600
622
265
420
588
361
488
432
162
47
570
355
25
306
569
252
218
448
330
85
81
420
12
382
445
406
154
521
731
188
473
194
193
64
323
133
284
291
423
93
651
655
482
587
441
743
352
438
629
440
54
686
416
688
8
150
63
260
37
471
97
341
100
87
470
307
632
467
386
24
436
450
155
662
354
61
654
153
715
229
244
136
279
472
549
329
257
374
138
350
707
288
437
345
489
687
369
171
499
524
245
338
35
75
9
42
694
209
149
91
619
392
23
296
530
628
223
396
212
170
706
356
228
286
381
226
393
196
264
140
476
178
410
274
242
574
128
513
519
36
165
169
255
422
313
179
174
263
334
403
627
673
690
217
546
287
33
591
337
229
131
551
407
297
633
680
248
6
292
455
195
380
324
590
481
659
698
517
207
272
463
442
421
413
492
112
335
618
692
325
19
22
326
114
190
497
254
146
439
511
57
344
51
594
709
38
552
211
187
206
520
461
681
469
10
532
693
143
276
608
278
645
130
451
298
172
45
273
354
537
478
182
601
259
332
474
607
605
78
290
564
56
3
48
557
637
572
712
404
639
500
370
377
671
724
365
66
449
506
322
711
647
625
436
598
141
509
573
307
558
529
568
431
214
495
192
672
83
53
575
67
213
256
216
31
100
276
65
207
352
93
253
3
46
443
625
322
170
441
552
388
72
71
143
256
181
707
152
700
154
347
449
349
34
476
506
379
236
43
398
343
373
310
693
167
85
197
131
468
38
53
541
658
174
180
26
82
595
68
323
679
10
323
645
231
371
110
339
293
534
590
104
444
4
437
391
678
67
544
168
550
531
331
335
543
714
601
260
151
27
316
408
593
370
264
498
473
63
163
230
334
273
397
217
64
662
706
442
228
559
549
474
61
352
485
546
333
153
695
691
640
199
458
326
159
301
294
446
618
8
532
315
431
261
708
639
261
439
114
308
96
752
242
213
649
337
562
284
215
689
527
469
277
190
205
389
311
610
341
24
613
346
636
483
559
176
44
204
427
480
614
181
295
32
420
227
504
138
355
95
598
372
345
54
120
576
161
198
402
528
87
40
685
49
148
452
692
650
179
475
23
78
612
263
312
290
594
517
657
184
674
684
212
589
51
312
330
608
148
381
123
175
176
317
392
490
313
582
423
91
690
441
146
17
287
702
396
282
250
701
304
305
223
354
109
508
596
751
307
135
507
501
637
376
667
443
573
654
723
418
69
70
498
416
212
318
632
292
59
553
345
218
482
160
621
653
212
2
617
226
270
493
377
200
510
692
98
19
53
339
243
321
551
617
94
425
716
527
199
450
151
233
76
558
738
653
471
485
114
139
227
531
303
508
495
482
568
118
689
532
313
387
378
340
410
269
127
270
325
145
159
469
61
225
272
156
663
411
348
249
740
641
349
314
310
446
182
226
550
38
135
616
44
149
351
266
665
101
623
160
188
85
355
644
296
706
108
84
724
434
501
277
196
106
137
552
407
354
63
46
324
229
302
124
685
342
607
297
660
338
691
168
28
91
544
294
248
59
680
636
360
668
176
31
473
635
555
217
285
541
41
610
267
596
370
190
715
293
567
678
583
274
733
298
707
304
474
553
433
375
470
151
4
674
699
493
295
606
130
614
316
72
569
384
441
528
626
448
101
119
251
576
403
202
730
254
382
385
632
542
584
6
281
463
443
341
421
102
502
399
530
68
65
347
525
483
406
93
178
710
214
453
488
278
491
627
392
9
95
628
317
117
123
414
54
598
293
591
43
648
120
245
402
147
454
602
154
226
630
242
515
152
121
702
456
499
686
379
117
547
320
724
69
390
404
538
692
343
133
457
239
420
724
452
682
166
333
755
514
413
213
24
640
549
155
494
695
64
753
74
244
383
563
49
247
338
398
100
242
509
119
285
16
549
593
234
252
551
160
511
406
154
533
67
85
176
317
216
496
490
41
387
362
324
746
243
569
524
301
311
129
284
177
553
57
124
34
489
310
457
300
417
141
130
9
197
409
334
508
525
142
233
8
68
497
44
205
402
302
671
61
274
609
615
244
482
592
666
545
652
296
681
531
230
206
222
432
663
202
584
62
165
53
501
278
58
706
76
532
397
99
101
133
256
611
161
113
341
689
507
558
518
190
36
485
665
144
653
655
407
5
432
84
253
59
363
257
91
281
232
139
495
395
276
74
152
40
15
498
201
647
137
607
60
552
158
30
685
520
211
185
399
270
37
164
114
46
361
487
187
55
134
527
575
458
492
132
14
55
59
717
279
546
535
198
115
335
47
26
463
204
757
376
612
466
572
162
406
724
53
612
290
410
119
381
596
95
414
383
392
92
390
213
309
371
308
246
239
480
182
464
369
600
645
103
623
423
229
662
637
143
156
539
151
541
48
468
213
319
337
709
484
403
183
651
328
312
216
440
188
470
559
238
75
429
191
72
199
556
660
127
83
336
576
122
606
88
582
265
80
107
105
160
97
333
635
506
282
574
340
228
565
585
514
568
112
488
194
379
494
86
406
581
101
193
516
150
201
47
551
394
644
224
100
531
641
247
167
375
165
584
421
367
15
252
462
432
157
160
100
40
38
29
469
260
752
251
84
32
267
97
530
35
355
523
77
68
476
491
42
494
183
738
226
218
308
306
208
301
451
302
197
82
499
525
178
400
220
88
143
27
342
587
344
368
401
718
676
79
535
23
85
469
662
466
688
152
327
279
512
420
243
107
277
408
649
172
192
559
544
594
588
569
335
246
524
343
493
102
604
460
268
63
627
41
273
436
445
527
33
309
508
409
49
574
377
685
292
187
430
56
248
609
260
179
216
632
275
699
386
228
24
577
176
399
385
58
392
92
2
225
326
281
161
552
376
232
626
372
622
630
8
237
112
315
154
461
115
194
66
615
72
519
478
513
232
314
261
744
359
670
501
352
9
457
253
380
257
529
13
497
651
89
334
59
110
102
338
67
405
715
390
138
122
379
346
204
270
175
330
645
522
51
229
120
83
612
452
116
646
610
441
318
99
443
6
635
294
606
340
480
464
639
43
287
679
76
351
534
99
654
517
407
448
141
78
475
63
625
633
322
693
388
276
265
296
31
617
654
200
558
36
542
573
568
311
42
397
145
472
572
146
198
442
434
165
271
172
679
473
39
466
375
458
264
10
503
526
41
345
109
176
350
606
697
39
652
613
58
85
31
227
217
77
146
373
696
534
149
595
50
556
704
351
42
672
94
33
315
757
297
499
28
193
224
212
461
117
332
376
366
396
585
49
435
35
210
626
38
692
122
263
164
256
80
273
180
719
175
327
68
243
661
488
102
93
160
588
579
1
693
287
59
468
274
81
386
495
192
169
413
155
666
686
21
674
476
27
157
96
240
218
360
88
378
136
439
281
285
654
92
635
610
489
608
207
640
4
154
159
408
55
60
404
278
142
299
525
143
406
85
444
660
677
252
562
757
555
199
423
136
546
341
419
633
750
182
236
2
355
120
658
194
211
354
36
326
477
417
541
352
691
656
150
125
144
308
54
491
359
369
140
185
310
283
298
325
445
13
403
367
443
409
732
401
515
553
19
236
349
430
167
206
673
37
51
413
421
328
628
228
191
356
112
44
333
502
64
263
214
557
380
531
275
43
353
478
76
343
536
605
424
621
357
649
724
142
493
109
487
155
309
20
17
228
739
291
26
566
675
280
426
294
87
545
408
238
487
254
563
602
115
655
397
93
718
368
485
202
345
561
638
543
34
559
25
168
188
484
688
363
259
442
174
309
569
497
580
172
613
295
517
24
308
559
388
393
503
640
415
263
436
267
304
83
438
656
270
585
444
236
662
531
27
669
373
35
155
290
526
416
375
683
279
450
439
610
334
211
55
548
99
54
50
293
139
120
430
710
331
239
536
618
16
709
562
606
167
142
217
339
109
354
453
344
624
237
623
268
544
138
113
654
325
10
451
156
127
564
492
600
457
118
296
378
222
237
496
470
482
570
495
106
369
185
468
420
732
96
153
398
481
653
72
233
45
61
256
582
736
404
275
162
213
187
554
720
428
281
502
698
74
196
161
162
347
707
408
599
171
177
314
361
203
190
180
469
248
524
250
487
665
77
602
545
143
535
708
42
286
463
285
421
232
477
677
360
225
317
643
557
260
69
170
234
104
417
399
27
169
410
253
448
411
135
34
123
254
359
615
357
395
350
87
449
60
651
610
513
490
660
129
136
300
364
661
704
520
629
419
243
353
460
46
435
611
101
70
71
403
464
305
265
56
542
147
607
223
24
689
306
108
434
202
98
111
136
294
645
705
547
328
445
51
310
679
201
61
446
34
236
494
572
594
389
297
209
595
496
524
206
548
364
672
479
444
404
374
38
231
472
57
562
452
526
274
549
162
65
541
603
255
69
254
198
93
481
227
694
688
403
36
730
308
164
390
77
450
128
662
394
636
163
114
456
156
533
124
257
72
106
292
588
58
560
482
89
341
107
60
342
415
489
137
133
535
242
327
78
410
277
604
271
449
204
420
309
461
20
520
559
246
306
593
77
76
256
99
40
199
86
608
233
6
196
64
741
92
181
126
344
616
152
300
348
247
19
62
602
345
351
435
379
384
13
366
550
311
3
332
362
538
278
731
367
90
507
150
191
79
296
223
658
465
175
21
665
585
412
370
183
498
239
234
584
91
85
267
375
579
282
432
632
80
185
316
270
501
434
23
413
38
491
117
290
121
347
705
611
22
293
75
365
188
42
495
338
38
46
672
123
129
457
304
577
470
458
97
701
110
161
358
179
253
268
539
203
24
127
629
480
324
517
188
242
120
148
287
551
265
119
363
388
168
29
461
569
612
578
703
395
459
552
131
215
354
103
216
522
580
1
267
172
51
349
601
163
640
40
596
212
643
358
96
684
586
19
267
132
476
180
43
359
324
39
248
293
286
475
152
217
735
395
708
153
669
175
520
375
238
531
629
420
15
440
683
342
60
598
244
155
521
687
451
83
49
162
444
45
13
380
428
577
540
108
189
328
541
639
665
143
382
419
622
315
97
495
167
255
432
638
110
576
591
304
487
341
118
76
560
258
94
8
27
242
57
68
624
643
644
355
344
237
274
529
164
703
159
240
88
46
206
534
89
140
614
69
590
350
397
681
442
468
383
461
465
114
35
127
27
142
22
234
716
459
416
559
129
583
584
656
47
285
463
617
292
605
613
595
496
668
481
495
310
381
689
699
493
163
185
633
20
196
525
66
724
93
593
56
692
568
387
202
412
661
686
607
651
115
636
411
106
28
119
87
593
572
204
612
715
216
122
61
205
609
290
226
569
549
177
44
296
21
640
28
436
232
80
310
174
17
674
166
371
680
581
309
724
706
485
385
689
602
615
278
422
38
445
306
452
208
66
415
183
103
379
369
229
389
230
182
178
448
34
75
73
501
584
170
98
334
601
343
441
562
575
573
552
418
511
62
423
662
84
270
235
192
146
209
394
488
654
619
513
122
594
399
365
144
239
645
133
256
4
69
257
463
149
125
357
622
28
635
182
469
378
593
175
68
217
645
161
700
346
589
603
126
142
110
329
91
332
602
108
378
203
8
152
263
314
452
139
20
487
296
146
516
233
27
595
355
89
124
113
340
162
211
325
404
424
152
189
383
686
114
229
83
282
224
427
391
457
160
549
525
597
448
476
519
393
254
155
154
86
239
616
425
531
411
285
610
153
489
317
307
450
71
59
732
14
434
498
338
147
591
629
159
164
60
377
83
190
61
386
598
102
235
443
90
574
538
723
570
661
110
630
6
564
326
460
187
76
412
132
539
395
507
641
679
569
396
571
342
78
372
30
442
194
38
375
585
633
331
615
47
654
320
33
528
35
560
713
273
233
321
221
517
515
163
565
388
440
251
673
117
375
119
55
205
212
406
707
536
293
402
231
609
62
563
19
177
102
51
407
614
131
210
435
85
475
197
705
63
287
176
546
330
379
646
67
435
354
127
524
132
600
397
527
682
250
521
84
358
626
416
472
70
425
444
625
103
56
475
642
37
599
437
376
680
138
456
201
166
500
496
58
508
123
341
298
516
59
181
581
404
132
153
178
113
623
530
500
75
434
62
687
582
692
136
15
30
523
626
549
575
226
340
71
548
362
193
112
600
265
256
372
136
473
516
705
712
346
490
80
445
197
650
97
711
187
122
182
370
253
356
355
600
614
359
342
26
10
463
526
686
86
527
171
40
449
273
635
357
14
423
131
195
511
78
568
91
309
365
46
134
52
506
72
227
42
48
15
625
47
552
533
354
464
349
255
309
676
694
99
121
87
435
230
302
347
98
564
517
537
389
598
209
500
566
695
321
451
493
18
243
246
547
306
497
320
269
159
189
582
50
440
738
427
21
201
472
241
141
350
591
155
542
513
206
248
569
453
343
297
313
23
628
329
221
648
630
689
213
58
237
111
677
66
217
311
460
508
88
284
314
267
408
587
431
148
2
163
608
494
345
443
407
411
456
664
541
333
181
294
410
471
562
466
51
231
561
135
129
375
610
528
524
660
555
466
142
550
559
183
64
211
418
611
338
348
717
20
379
651
151
510
477
595
76
61
89
662
157
505
487
268
543
740
74
488
12
540
107
290
240
288
368
397
115
373
118
131
502
139
502
260
371
636
56
495
90
134
23
122
291
91
67
73
352
119
458
212
709
378
159
569
638
323
238
575
289
658
400
236
30
122
97
100
318
4
514
93
366
368
484
192
568
757
225
58
411
710
559
128
267
71
730
595
409
482
76
146
129
577
724
550
163
89
347
180
148
436
540
723
205
633
302
279
15
692
651
420
118
399
229
115
29
203
17
610
248
200
242
130
389
206
453
20
140
614
219
476
600
698
581
530
231
566
234
34
549
269
505
680
644
558
157
239
257
285
437
141
509
160
39
370
178
483
661
562
592
631
750
626
96
86
639
367
546
584
676
528
288
365
388
7
398
499
322
561
491
412
54
2
275
446
77
224
472
341
153
124
535
214
425
204
26
724
403
520
612
624
478
479
723
672
525
579
227
314
718
188
396
62
157
13
266
730
53
663
320
51
390
132
6
506
165
541
329
309
52
182
313
179
167
151
415
283
567
337
571
625
131
38
408
40
333
150
217
280
263
81
111
8
480
340
143
580
116
457
42
542
674
617
118
618
356
255
95
339
217
265
721
251
75
433
421
27
94
667
450
733
471
459
199
613
112
254
296
175
423
436
300
618
605
359
680
440
202
363
190
213
387
681
156
184
394
296
640
333
360
13
123
370
244
104
706
9
665
340
115
351
109
60
495
661
49
503
273
218
408
671
293
512
286
434
547
402
55
432
348
252
625
615
257
520
101
653
54
19
673
172
125
214
496
346
598
447
523
532
537
328
525
320
8
260
82
612
395
136
531
170
477
368
154
26
63
383
684
458
305
58
26
181
124
574
571
582
629
445
35
623
327
158
491
731
65
628
456
230
250
98
239
143
683
425
103
23
122
182
196
648
380
163
398
215
193
128
566
153
15
251
314
482
108
409
179
613
666
326
173
686
317
558
7
643
112
183
51
544
67
290
498
20
514
450
361
604
242
30
113
730
641
417
749
269
444
583
111
663
131
281
657
165
266
419
139
703
373
651
204
732
211
199
544
321
309
169
178
345
173
155
42
298
565
580
301
146
206
221
672
81
515
161
578
21
338
443
188
36
162
238
347
231
486
656
600
52
438
545
203
585
437
217
713
199
142
69
663
304
463
322
524
226
225
446
294
6
461
18
106
217
382
70
283
559
649
519
606
160
112
534
237
113
386
75
610
659
60
130
96
16
203
234
58
118
432
644
55
53
181
194
470
278
472
625
430
366
402
673
711
635
3
266
347
583
29
511
120
263
291
378
622
354
455
565
435
575
692
453
529
86
19
11
69
710
644
359
294
47
554
477
315
590
71
124
505
123
210
450
406
92
480
180
316
414
334
2
497
699
650
416
535
698
452
362
37
204
102
445
717
84
129
426
151
106
177
468
434
681
551
648
335
581
192
286
730
540
405
371
252
169
261
349
558
520
25
687
155
61
651
153
463
417
380
641
142
352
309
27
160
39
654
627
39
114
464
63
658
372
282
459
128
685
108
676
173
162
330
501
528
662
255
357
526
127
628
370
72
272
444
175
669
33
295
240
109
657
60
274
561
287
476
68
188
161
191
318
423
576
186
604
65
342
10
327
573
537
517
51
629
457
208
253
50
582
589
264
524
451
178
131
5
231
438
702
354
494
552
162
615
509
384
226
48
618
338
183
67
220
80
40
74
232
496
73
188
593
176
293
146
645
713
466
674
201
135
655
584
572
601
410
227
60
33
198
387
323
464
199
673
558
62
659
6
554
707
63
385
98
372
258
154
182
15
332
530
7
123
154
599
694
468
51
55
480
561
99
483
75
324
446
610
166
612
640
514
160
474
336
66
248
113
574
113
375
452
259
378
84
189
195
444
453
524
209
544
456
278
302
552
402
721
305
378
136
256
334
114
370
124
451
85
194
48
508
266
9
103
406
225
528
446
168
643
288
347
511
667
159
512
727
87
417
531
18
176
688
111
304
440
453
431
317
616
630
645
112
5
14
581
393
2
273
366
350
582
471
461
678
356
311
133
73
624
399
118
625
402
705
418
556
432
662
88
310
632
374
296
33
112
19
549
679
369
578
237
486
234
297
476
130
52
331
426
436
333
132
158
59
376
657
503
181
669
227
513
41
589
231
165
163
179
525
232
607
538
622
32
621
76
390
485
681
341
478
688
360
547
213
671
637
34
265
129
27
700
565
650
575
609
381
101
35
388
318
187
467
504
102
363
462
430
272
639
677
280
459
698
629
315
2
205
380
131
353
313
346
584
126
437
499
738
686
562
320
22
490
94
523
74
348
326
419
505
389
218
18
85
282
172
489
499
643
283
441
388
45
58
625
536
40
413
127
343
139
218
241
585
119
621
524
108
117
72
453
421
655
55
268
629
545
523
695
355
175
354
396
683
35
626
4
79
298
114
27
42
465
314
452
511
312
155
608
209
419
19
327
649
670
562
505
74
76
5
443
308
466
708
310
441
581
61
333
618
246
372
321
622
10
132
384
22
136
235
86
284
219
392
98
467
260
156
337
631
51
300
601
540
120
1
2
59
539
549
317
299
54
311
677
330
251
497
667
401
266
535
103
74
101
682
660
487
538
366
205
220
87
313
694
182
91
329
178
614
693
583
587
472
630
349
164
480
407
248
546
619
409
77
575
234
661
717
315
126
567
511
629
709
508
180
529
632
13
389
403
429
508
195
404
158
522
307
362
481
96
167
500
306
573
305
561
411
163
393
229
80
715
210
115
81
109
125
25
52
577
245
459
50
656
274
273
295
533
600
580
162
193
94
513
457
269
123
607
718
541
551
627
324
161
360
599
331
14
356
395
451
154
244
449
256
592
215
603
468
550
171
671
391
29
504
240
17
323
502
9
368
479
241
364
462
92
413
626
515
235
193
7
650
250
525
214
689
295
458
697
353
26
618
113
308
588
71
132
420
147
542
606
154
265
384
720
97
269
505
634
280
447
118
32
605
453
186
560
103
158
511
93
325
175
37
502
65
417
433
47
326
625
27
309
485
382
223
375
711
754
652
334
261
83
564
376
574
43
523
55
544
739
393
72
565
105
253
469
267
224
272
599
211
122
21
170
243
341
278
672
439
183
29
415
503
102
266
5
419
658
462
114
413
69
534
622
468
30
176
359
488
360
509
603
100
738
379
403
664
593
531
383
225
210
123
459
339
593
651
69
301
293
362
473
724
165
666
602
569
437
137
698
699
472
635
38
343
120
358
617
11
576
257
399
463
116
82
631
6
429
583
466
527
370
142
430
465
154
200
324
464
306
423
407
279
251
717
446
144
708
297
567
483
492
504
440
52
676
159
85
692
78
484
495
428
119
289
456
693
185
321
135
487
45
366
60
630
500
80
39
705
674
13
381
262
378
556
647
406
191
272
345
152
385
648
259
58
44
445
363
231
70
677
106
552
691
68
352
256
663
332
702
679
146
696
610
550
130
671
71
233
651
207
536
673
685
395
171
185
575
357
732
628
1
111
68
84
700
697
174
311
53
387
151
493
404
282
44
694
20
112
28
163
146
339
430
59
145
195
628
709
234
554
26
217
147
492
460
544
57
112
115
362
31
639
708
241
60
93
531
267
370
171
320
283
506
318
322
166
643
311
35
509
380
163
559
164
598
475
350
556
361
161
121
100
630
297
52
25
10
78
149
261
348
544
620
589
313
428
384
523
228
192
575
395
181
654
354
221
211
321
481
193
165
605
293
447
618
706
721
315
352
18
464
237
449
653
583
136
344
508
113
584
691
143
635
356
231
482
248
178
690
561
440
416
657
399
374
688
532
719
553
188
354
284
711
581
676
316
66
330
360
420
549
17
304
468
526
186
682
278
37
627
138
220
666
359
32
35
214
381
565
183
157
713
169
500
184
472
429
663
127
303
494
513
644
625
524
368
468
291
672
93
456
621
2
432
167
533
637
151
218
619
665
646
673
262
275
680
349
64
511
288
593
450
730
19
683
296
565
5
660
257
47
74
402
390
602
590
281
205
379
121
499
53
239
206
306
623
196
421
457
191
569
438
681
609
698
268
595
69
465
242
293
314
123
498
403
33
51
547
541
195
182
185
128
26
202
588
37
592
660
698
595
314
57
438
81
724
37
43
44
209
739
267
235
87
404
250
259
107
211
282
272
426
137
444
567
495
677
20
561
313
712
53
310
227
336
660
1
630
658
152
656
690
254
25
402
611
466
360
504
5
194
201
531
328
251
489
297
379
493
37
499
341
612
575
412
216
541
378
260
651
331
687
572
122
565
353
473
676
618
516
311
523
736
371
87
196
629
231
657
520
459
17
465
499
315
324
77
244
41
230
535
125
249
233
383
35
436
667
453
317
564
198
568
370
415
217
616
475
187
321
614
408
334
295
545
356
559
579
428
601
59
580
410
490
133
177
666
496
456
442
748
217
62
706
159
640
171
174
108
211
103
525
552
4
511
300
322
48
171
205
3
256
414
245
563
269
359
379
81
31
515
604
73
318
473
206
643
201
316
29
305
700
75
713
669
395
497
754
140
633
553
246
617
29
500
562
83
397
554
290
316
267
503
301
646
10
447
626
487
276
102
253
144
116
573
682
631
351
37
243
294
590
362
227
267
398
623
658
13
669
468
708
610
575
630
383
634
247
479
159
292
499
474
170
65
503
266
684
131
142
128
33
101
107
9
183
372
480
546
580
355
456
271
727
733
316
205
223
435
470
79
51
262
181
370
274
489
640
723
661
667
539
71
497
176
642
20
402
37
543
267
155
751
354
287
34
584
451
145
42
444
678
490
711
358
363
437
225
334
308
134
625
98
92
241
635
392
283
607
104
723
501
234
450
469
199
144
28
508
572
504
93
581
36
374
643
279
453
70
501
35
338
84
290
78
298
397
511
473
360
311
246
516
431
411
100
139
472
320
151
651
399
598
433
521
467
368
451
157
254
655
389
337
750
465
650
742
318
439
405
496
208
215
343
132
515
596
615
664
527
589
477
722
43
217
41
716
38
699
519
548
209
547
672
710
381
421
17
694
347
76
232
187
500
560
517
323
138
475
166
30
340
552
251
680
52
151
109
570
648
321
140
617
673
50
47
600
394
121
440
413
432
317
505
674
556
277
263
112
94
198
685
257
460
135
193
71
124
340
426
370
138
453
407
217
314
256
704
203
81
495
354
380
46
242
19
533
474
159
449
382
238
667
726
113
116
390
220
39
83
18
470
123
537
606
209
219
5
99
216
249
205
188
427
99
93
338
372
173
224
227
368
48
695
221
152
478
515
585
487
328
250
131
341
632
663
300
562
488
496
549
82
122
615
389
694
318
75
698
296
655
183
155
358
486
295
392
696
259
85
262
272
222
443
197
394
413
59
366
527
97
213
506
268
398
525
539
401
114
547
146
86
460
538
661
90
170
94
292
273
415
564
161
237
602
336
7
581
275
650
611
190
439
132
245
423
69
751
445
312
20
63
344
78
35
529
706
708
437
151
512
532
41
243
302
61
332
178
399
321
98
665
107
638
236
16
607
436
322
218
95
47
598
429
476
142
620
385
38
38
625
214
33
94
264
334
101
639
507
225
489
207
660
552
599
678
436
420
424
653
234
587
647
548
172
643
223
563
265
260
511
258
510
274
466
513
483
73
13
624
468
362
425
290
119
441
189
565
29
717
345
380
721
541
685
47
336
204
184
493
361
591
444
661
76
261
336
273
437
8
69
60
723
485
217
623
456
27
457
140
70
709
146
343
443
708
700
732
513
627
187
90
372
83
194
331
538
318
328
333
412
733
455
550
713
673
126
359
568
323
520
108
567
147
752
611
274
77
463
439
602
386
503
72
175
362
338
521
220
680
535
32
403
406
243
667
549
402
624
329
671
13
617
508
539
595
118
335
225
23
232
450
34
266
62
556
431
701
443
42
324
57
577
626
20
469
612
197
153
733
585
506
365
447
98
16
23
663
716
718
107
289
593
344
239
132
414
61
592
397
312
420
446
297
300
411
51
139
401
642
119
272
449
24
525
462
400
533
388
60
234
460
265
693
100
342
250
492
259
574
320
202
128
249
1
104
374
543
237
645
63
623
24
19
596
676
607
74
171
23
476
96
252
660
489
309
524
474
445
138
163
436
249
518
358
298
10
97
325
283
221
231
681
625
31
177
53
93
704
296
633
196
485
499
212
29
167
504
685
313
708
177
713
671
40
508
147
87
81
162
646
538
323
78
347
303
577
566
442
420
227
132
283
553
21
400
611
512
243
96
163
711
387
201
515
282
503
574
484
497
113
359
613
222
122
95
356
430
118
700
207
305
472
163
182
173
524
42
71
528
48
327
52
300
202
412
312
366
432
224
664
197
178
651
541
33
427
450
441
169
449
340
275
321
655
89
438
267
334
261
462
491
454
604
519
530
231
382
379
756
567
127
31
572
399
324
271
459
152
30
281
479
260
20
272
582
210
402
648
613
163
93
708
675
268
130
633
295
286
660
661
315
704
65
316
392
662
171
710
58
320
208
263
669
174
314
298
199
589
232
466
79
583
638
469
123
265
206
639
239
360
598
435
287
250
679
632
357
337
507
345
39
153
597
698
323
135
84
213
611
453
108
486
622
252
126
584
636
641
372
110
617
306
245
407
494
255
644
143
77
480
629
383
414
663
325
26
488
230
151
557
242
281
548
542
365
25
384
432
79
323
622
533
24
275
707
135
600
442
430
72
211
268
388
7
102
213
421
441
355
289
85
358
486
145
248
119
1
425
95
386
457
601
233
87
243
176
78
218
476
494
287
108
648
237
91
288
121
26
44
45
125
147
376
644
425
189
461
480
338
552
64
563
340
625
540
492
558
159
228
392
98
404
326
374
182
364
172
673
118
318
295
314
503
617
20
647
96
75
259
553
363
178
286
609
202
171
708
443
623
355
597
139
500
49
76
453
58
66
137
426
32
714
527
299
537
683
401
724
146
16
394
191
535
584
559
417
303
412
90
199
713
709
257
306
475
152
496
185
573
528
686
54
140
73
695
265
473
513
276
658
345
128
12
321
466
607
34
179
158
169
280
724
113
341
420
197
361
225
578
434
580
477
63
548
507
495
718
124
350
267
187
283
360
196
284
111
198
564
640
103
472
35
264
445
650
438
237
499
596
157
579
632
33
590
109
34
323
164
71
17
426
40
663
492
161
562
29
449
2
151
24
85
406
521
720
41
618
432
113
3
713
619
629
598
199
394
225
294
334
194
613
94
467
412
143
711
245
653
49
559
307
554
555
37
109
55
430
694
606
335
384
221
543
730
132
30
447
302
640
84
724
118
236
176
677
644
257
348
128
329
498
100
284
332
673
85
540
215
387
693
7
370
252
211
626
33
183
64
45
457
750
115
563
277
512
356
81
654
189
93
79
518
78
382
516
213
474
450
461
48
497
708
405
61
150
76
223
63
309
67
330
247
135
646
354
339
266
389
103
278
131
31
243
439
52
314
162
123
148
344
166
230
70
691
161
475
63
469
446
538
46
436
514
20
431
328
582
182
208
298
333
292
318
715
420
88
524
202
440
596
572
4
193
496
349
500
226
124
75
690
573
26
358
683
321
255
488
458
385
152
537
120
535
249
494
44
499
283
395
552
533
452
168
359
625
402
686
743
714
441
662
355
218
607
60
570
87
142
670
738
145
638
131
493
297
89
704
86
229
439
639
616
99
534
254
438
363
706
191
630
184
223
337
722
686
376
161
704
75
87
422
580
327
409
600
560
666
602
442
103
190
211
277
521
495
463
568
197
494
574
441
651
597
624
127
125
402
478
334
274
447
469
311
208
323
206
461
350
46
619
234
203
415
536
556
422
356
281
611
309
488
137
106
396
520
618
153
360
655
104
635
145
36
374
687
388
476
218
131
338
276
371
657
76
159
508
559
328
193
578
608
61
746
33
700
507
289
688
97
57
93
483
315
278
210
344
213
162
477
197
433
321
676
607
368
68
265
301
121
672
572
196
21
62
39
584
287
525
420
244
72
152
171
336
670
264
381
340
593
148
168
536
191
364
439
343
373
41
34
671
438
304
487
84
187
553
317
714
713
95
141
16
8
346
673
216
302
272
434
318
256
429
295
417
349
55
694
182
258
509
658
537
407
606
386
701
74
514
405
163
577
178
69
237
598
231
485
426
342
457
351
718
711
645
194
490
249
24
626
307
530
440
623
93
295
488
582
6
502
178
723
123
724
359
356
68
282
168
223
407
16
322
306
661
524
114
20
462
525
81
166
340
91
212
459
666
82
317
645
72
62
163
173
323
61
489
144
409
496
436
512
651
672
214
389
621
405
654
124
75
228
323
202
298
276
349
289
45
84
727
595
240
316
88
604
531
56
235
516
483
42
331
576
679
738
620
104
125
308
348
209
39
96
350
465
25
612
387
119
93
66
616
611
422
325
487
17
265
635
274
147
456
338
255
215
412
259
371
12
204
59
186
727
558
239
262
179
29
660
268
603
98
538
703
416
373
683
163
557
246
399
310
258
644
118
541
264
159
314
236
724
396
414
324
77
328
677
277
529
346
208
627
171
8
572
685
368
379
100
579
699
656
287
597
329
302
229
598
130
472
115
430
35
334
630
79
226
686
428
377
335
3
681
636
53
501
706
594
158
569
531
187
551
439
139
668
588
442
273
6
581
256
658
287
648
432
593
1
180
489
441
700
278
255
27
748
86
81
528
132
596
462
318
238
266
428
667
348
231
201
147
267
108
644
185
388
604
542
340
524
620
192
69
341
60
488
602
45
728
235
10
92
304
148
656
582
46
338
240
478
369
486
21
302
306
687
483
385
155
154
603
389
613
296
180
421
44
286
315
49
384
541
397
439
210
111
562
671
468
610
611
404
204
549
537
265
572
448
412
456
590
444
536
630
639
592
234
310
591
7
495
93
360
407
7
34
465
61
193
311
184
103
65
624
165
236
291
492
730
708
96
432
597
551
326
16
324
472
135
54
168
529
547
586
66
325
27
665
401
688
207
606
497
332
229
438
545
137
470
681
431
170
183
200
595
34
230
349
584
745
662
51
355
327
308
63
695
445
281
616
737
64
20
213
88
117
172
683
566
321
394
79
71
99
294
622
246
546
736
679
403
167
119
654
718
58
346
429
151
150
193
87
474
165
263
615
8
732
366
87
562
34
584
95
413
235
86
723
534
576
254
157
156
165
456
225
483
262
395
648
174
209
216
58
357
373
330
276
613
103
359
274
257
291
609
204
165
155
370
12
347
465
50
304
73
82
388
206
8
256
523
260
540
197
32
450
250
70
303
346
44
251
76
36
409
41
604
51
321
128
345
52
3
448
307
411
446
381
528
391
402
662
321
414
212
625
168
223
274
332
277
83
573
68
338
622
313
130
334
148
495
142
665
733
681
708
197
264
458
74
593
37
149
619
281
550
597
272
490
572
398
483
122
75
525
457
102
698
348
231
642
237
523
509
263
40
26
591
341
557
455
663
252
111
162
689
384
1
63
3
427
402
295
606
215
138
362
399
294
432
239
672
77
382
202
90
632
115
670
60
52
96
343
444
634
107
287
579
65
387
441
296
259
440
143
123
292
62
372
367
499
141
657
522
699
558
170
49
1
219
520
316
471
700
5
283
374
408
140
480
629
288
385
532
315
428
358
661
369
17
651
541
687
63
414
655
484
344
498
683
720
98
240
145
402
464
307
378
143
539
121
128
665
61
356
104
346
653
125
142
642
350
51
568
474
233
302
423
563
493
596
34
30
271
42
361
80
202
349
242
99
468
331
19
723
14
643
284
375
517
190
558
57
240
473
341
646
404
469
610
519
43
396
573
432
372
221
400
317
267
697
363
541
214
341
399
673
15
265
50
369
605
671
620
41
138
467
365
569
144
245
657
520
482
419
324
304
338
369
103
239
32
308
476
389
274
580
685
347
381
403
293
506
535
687
540
109
591
164
156
724
101
507
616
278
255
624
154
130
206
110
285
738
602
589
598
62
195
97
120
582
479
395
34
187
458
376
164
220
669
603
20
461
471
123
554
281
146
716
203
349
563
710
23
241
239
132
76
18
621
505
23
208
158
373
480
444
543
383
3
397
644
537
11
514
139
160
5
193
171
194
92
244
363
179
490
106
574
477
47
91
315
521
85
236
191
345
58
270
500
540
342
206
256
192
3
69
333
306
32
462
502
46
337
283
653
29
475
421
16
732
41
384
501
723
671
59
187
131
708
162
10
680
603
115
296
405
413
409
164
237
593
438
508
453
506
323
224
142
262
456
123
579
419
515
196
323
418
372
331
121
272
583
82
557
698
393
663
523
381
72
34
679
169
567
460
31
276
689
507
667
659
494
213
344
628
636
707
676
173
610
532
326
688
717
581
371
267
441
22
182
430
222
383
693
697
359
288
80
144
621
601
588
512
582
620
180
327
8
623
682
602
104
661
340
434
639
595
650
76
548
410
225
357
529
4
280
431
470
607
605
86
446
652
709
2
524
545
113
359
450
159
303
712
731
648
158
231
232
117
399
48
355
332
133
433
558
443
596
457
215
580
160
354
284
455
184
496
39
391
341
436
573
379
586
564
253
135
491
539
97
67
118
701
533
202
209
537
317
321
230
408
488
103
273
445
312
5
163
503
530
313
644
592
103
38
36
301
636
296
167
585
594
233
366
432
719
738
521
317
209
325
456
494
27
416
663
202
242
203
403
511
172
407
197
495
613
584
349
286
546
485
343
86
583
683
404
258
471
272
396
66
6
474
217
512
118
541
684
457
396
230
381
469
341
104
423
702
289
744
654
77
499
274
97
608
438
721
319
472
718
676
236
1
353
528
621
510
529
390
480
173
316
23
122
293
142
391
612
427
220
347
516
304
281
456
40
668
526
362
38
195
279
429
280
656
177
111
467
92
487
624
56
580
431
587
303
235
517
102
451
700
520
24
277
422
524
647
51
604
204
458
515
190
351
414
437
508
149
393
452
133
479
39
466
625
41
90
493
184
276
169
577
629
497
496
600
143
73
335
373
689
4
304
588
47
572
213
166
372
315
194
75
255
685
12
609
240
439
298
139
394
580
537
297
523
8
29
364
597
672
544
545
648
649
321
389
225
639
490
362
336
558
9
197
415
650
506
216
98
331
408
645
402
413
85
96
443
470
472
406
681
3
7
307
613
298
142
98
473
388
621
543
252
240
585
58
14
612
579
640
12
52
224
549
122
8
9
169
461
47
495
402
337
434
72
247
312
309
653
545
661
293
674
286
43
4
236
207
280
29
82
549
292
529
163
686
315
588
317
370
569
604
631
349
173
482
133
567
639
296
695
332
348
488
141
403
636
680
603
334
665
679
393
182
136
625
210
265
115
522
241
338
392
458
678
569
281
197
409
523
326
206
574
256
593
354
87
580
109
637
120
622
23
253
45
446
320
5
289
366
81
162
655
396
51
672
452
240
628
464
327
551
498
709
719
10
157
285
148
145
383
539
535
242
172
503
199
595
103
267
540
611
507
306
167
615
243
68
662
689
466
88
367
261
341
151
558
666
536
232
449
389
89
340
26
745
24
581
154
519
472
423
565
257
203
256
541
79
632
670
48
154
251
505
359
623
394
544
724
250
355
200
536
436
498
101
76
653
523
625
18
651
178
195
398
123
372
687
285
86
615
188
237
54
396
166
193
723
682
693
402
171
662
93
256
134
629
212
656
411
424
622
345
45
191
23
3
209
175
294
122
437
259
381
500
165
314
12
617
75
660
108
573
384
707
112
126
197
581
561
614
111
321
727
82
303
605
566
624
288
721
100
353
162
426
457
547
666
121
382
434
53
715
583
94
492
390
218
351
38
519
654
517
138
389
24
207
297
201
137
667
215
685
23
378
208
556
657
611
425
598
732
606
663
232
350
610
68
139
282
443
163
404
132
639
179
407
97
104
31
89
302
257
495
200
322
490
542
508
196
652
698
320
275
397
59
491
96
510
538
211
221
312
35
469
502
115
621
570
461
230
387
236
260
602
317
21
290
125
600
619
361
430
339
650
386
32
236
426
47
704
133
604
487
359
226
578
103
228
49
435
564
231
30
342
453
242
514
405
191
