1
2
3
1447
2955
4801
4962
4
5
8654
6
3655
1509
2696
2
7
2588
3855
3135
5415
5933
6448
1102
654
4200
3093
3409
8035
9
3562
7647
653
316
3536
3732
4063
2762
7887
5365
6427
4775
896
12
1375
2669
3669
6414
6353
4411
4730
8377
14
8127
6526
1337
2716
16
17
1430
3412
4538
2565
9067
133
3939
5032
3786
4810
7804
8244
4866
1811
4194
6205
6027
18
990
6987
410
2129
3747
19
4685
20
5446
5307
8901
9060
653
3023
6219
3144
7612
5633
21
6738
1712
22
3762
8395
7141
2449
5573
1929
24
9085
1677
4062
6208
7655
9062
1566
2882
1534
3869
7364
8314
27
7095
2025
3861
4324
28
29
7907
8551
2673
1178
4402
5408
32
8108
2755
6144
8062
2072
1729
7266
34
6204
7571
7825
3990
7198
33
839
3778
5054
4459
4746
36
37
815
654
3358
6718
7823
7989
1137
3638
2951
39
8719
6727
1284
3943
40
2868
2983
1664
7915
691
3207
4843
41
6679
2090
1079
3593
5658
6884
1571
6196
6178
3974
2889
4018
7304
43
8962
1162
2650
4464
6999
654
1555
3246
654
333
4280
44
6
1790
896
654
46
7693
1514
4307
47
48
7250
8482
49
8144
2257
1828
4693
7017
5213
1
9004
7741
3760
2113
6942
6514
4471
2510
7233
5575
2498
50
4727
51
7947
3291
52
5562
4582
5035
6863
7263
861
5436
4104
2057
2560
3963
3478
4179
53
7790
849
5492
4378
1346
85
2330
3117
4553
7303
54
8771
2165
3435
3015
5957
1590
6572
4600
8674
1
1637
3
7
654
6994
55
5538
3946
9010
8198
2293
3541
6
2969
6773
8900
6408
691
4635
3601
3071
56
7846
6019
8239
990
3500
2
57
58
59
8258
6750
7717
1523
3684
3020
4588
4251
8257
60
6338
2049
61
7710
5615
6237
270
2353
3564
1127
4158
7499
62
2138
654
4731
1359
64
4079
7000
2000
896
3296
6379
8826
11
65
461
2816
7078
8749
2735
2501
3981
654
8643
1539
6768
973
5449
6524
4030
66
1596
2212
2403
67
2959
4839
3969
8421
8840
3283
7379
8216
1823
4578
8122
3379
7592
316
2407
1443
68
5391
9044
1644
6301
7514
4457
69
8
4686
4758
7482
820
2468
5228
8580
2942
654
9053
1837
3742
2879
6444
70
71
1397
1572
4569
5108
5917
282
7959
1993
3512
6209
3309
1365
72
73
2259
1377
74
6809
3999
7546
3752
2805
3121
4726
5516
1929
3464
3773
4326
4265
6563
2633
6953
8859
1801
2223
4236
7168
29
8702
1399
2451
3007
7072
2802
6230
1
6989
3061
3699
3839
7528
15
6824
2819
1816
2837
75
5428
1196
4208
6240
76
7879
2932
288
8917
4152
11
3377
5078
1104
5958
7503
2576
5904
2745
78
5508
5560
1796
9098
7818
859
6535
350
654
5854
6333
654
983
3526
1613
5550
3883
3912
654
1957
7065
6378
8167
7620
5842
9106
1623
5192
8236
5727
2428
79
7373
4417
6139
1556
2918
80
23
4375
5212
6476
1100
1
2
4010
7
4076
1690
4091
1423
82
6957
3
83
7906
8634
7441
84
1744
3057
8409
973
1498
29
4285
1345
1139
87
6
3602
7966
1866
4347
3244
509
8307
734
88
3461
8468
1535
815
2
1529
1350
812
89
7454
7760
8172
8177
327
3645
7689
765
6295
90
5807
6335
3542
91
92
6377
3525
7184
8105
93
7200
2
94
5147
6698
6311
8782
15
5025
6345
3514
7981
4135
7700
1215
96
1151
98
4264
6847
8583
2393
99
5245
6948
2784
8722
880
1944
2
3634
1238
4996
3014
7038
8624
6086
6849
3476
1735
1242
4422
3279
4149
4695
654
8034
6973
3050
6638
2126
8067
8455
654
2884
4138
5343
100
8641
101
2201
2636
5110
4195
5342
3003
4975
5220
2927
5526
5710
4621
5725
7258
1385
7411
5939
2003
3984
1671
654
3570
1901
7765
8106
1844
3443
3617
3915
3285
4057
102
6886
8938
6925
1585
4173
3171
5895
2435
7757
7432
1574
2474
3351
3950
5144
3744
8489
104
4002
6422
105
6189
8703
8791
77
1400
7596
5322
106
8738
2457
3916
29
5502
5744
2116
107
2
108
8447
1692
109
3286
770
110
8956
654
7356
6
506
5588
4602
682
111
5620
4794
6184
112
113
5325
2467
3961
6797
5059
3569
8780
3672
1265
6665
1412
8113
114
115
8234
7488
654
7822
3436
116
4883
7935
9091
2707
693
5114
6034
5278
8867
1
896
7
654
5013
29
6
3
7875
2
3750
5275
8460
2
1125
6710
6121
1252
7383
4407
8849
1686
2027
888
7067
3507
4256
2
8520
4824
8607
5313
6423
1283
1752
2989
3426
7239
1506
4716
118
4262
7638
9014
119
3126
7673
8709
3944
8696
1971
3968
3376
5593
5064
8056
2430
29
5433
7917
6916
121
122
7405
2362
13
1524
3568
6286
7789
3392
123
9167
3973
6302
2480
6599
124
29
3145
2
5219
7691
8578
8352
3052
5419
3850
8361
5834
7486
4424
5134
7101
1334
1936
4131
5271
6120
8466
1981
2
3847
3406
5653
3694
7053
5819
2782
8711
7349
654
1336
3567
6126
7965
125
7535
1164
4120
2577
3352
5961
8158
410
126
5154
3686
7672
3903
2824
2
654
7001
4421
1592
3815
127
6753
739
9149
2432
5238
7414
1681
3369
859
2941
5968
6106
6555
5036
8658
129
4523
536
2601
4434
983
6150
5852
130
3229
152
6394
6409
5559
8683
554
2346
7814
4162
3076
6745
2643
8968
410
1
3777
131
4053
7332
815
3528
1842
132
7812
1210
2
4241
2499
6736
7210
8496
4527
4009
7618
3911
134
6858
6998
2748
999
3282
3897
6148
5394
29
4770
6717
654
9082
8896
8180
2087
6469
6025
8241
3374
3823
2287
7572
1714
135
3386
7841
7668
1953
6821
7171
1066
7495
4976
3235
5847
1824
8870
6498
2314
3000
4830
4499
7439
8595
2091
1844
4643
136
5566
2862
8577
1
2535
2038
4107
6
7
29
137
6575
138
8662
2189
1
26
3
5889
4931
3028
1444
6808
15
8627
7185
2020
654
139
5201
5012
1947
6115
8966
8589
8714
2062
7769
140
5822
6337
141
6468
142
8379
1513
2147
1368
5409
143
4252
7942
2972
6323
4968
1143
2433
3621
5790
5574
1491
3277
144
4574
6522
9166
145
1651
3247
7093
7191
146
8037
9094
1512
4985
7905
3433
2828
2552
5402
7767
147
1844
5910
3460
148
1656
1421
5509
4167
149
3189
5319
7682
732
3608
5987
4346
2861
6194
7222
150
2068
151
6293
2859
1
8928
7019
1149
8139
5863
1958
3788
5881
3922
4255
2987
152
7697
6780
4049
2197
6130
6119
4949
8350
7050
8547
1
1709
9112
3203
5711
153
1741
853
5607
5048
1860
7912
1875
5699
5522
7967
1506
3063
7993
7763
8986
654
1533
3822
2630
5385
7922
2622
4753
4803
6285
4363
5942
8310
8469
8845
3764
4080
5103
6359
4308
5525
3423
1397
6725
3979
6231
9137
2525
2950
154
4659
4984
155
2
1818
6226
6073
6631
7221
4118
1595
156
5098
8922
5948
1640
2300
3814
7230
4924
5700
6865
5813
1897
3790
1517
3834
5951
2724
157
158
7312
5613
159
6523
8891
3851
1976
3824
7103
7297
8625
2291
3539
8487
6846
1443
689
1334
4174
8023
4663
6758
1551
2696
1
1668
2104
160
4648
3673
3907
6264
161
3
654
8344
6079
654
8843
1130
7
5887
6
5801
8226
9007
1
2088
1595
7363
823
4495
5668
2387
654
7172
163
1380
2672
4129
4875
6365
5737
1829
2178
1265
164
4095
165
3384
771
9129
990
2900
1638
166
167
2808
8937
2
168
7378
3658
8618
169
9035
990
29
654
3975
2421
7099
8515
654
6866
8753
6477
2795
170
1775
654
4258
3561
1362
2811
8413
812
888
8765
6981
2301
2
171
172
3520
8147
9123
2024
3681
5004
6648
6436
3880
7590
7231
1615
5480
6426
3804
6400
2870
1616
1719
3890
4658
3165
6812
3730
3122
4260
6593
1448
4691
6300
2822
4772
6620
990
7643
2063
4046
3125
6784
2
7639
6694
5169
4360
7009
9086
1277
4470
7323
9143
1334
4798
983
1511
834
176
5473
4031
6787
4413
9121
1824
6874
8512
313
1786
177
178
3656
8458
1424
6557
3775
1392
2146
2256
4531
4336
8584
179
5286
2544
4288
6584
2624
4978
3183
8297
7450
5639
180
2620
2809
4020
7583
4618
181
182
3494
1628
183
3077
6921
2618
1578
29
1495
973
3627
5007
5242
3949
6930
6864
8763
2968
8632
8832
184
654
6734
2579
33
4888
3218
7628
8450
1409
4189
5056
3502
3643
3354
5465
6845
7759
1246
3105
5938
5505
186
7423
187
2207
4387
188
29
8761
2792
8168
1626
2274
4312
1
1134
2347
190
4854
191
7238
5683
3
8164
4185
654
5962
192
2151
1704
3124
193
3936
1620
5112
2139
8304
4213
1388
3104
194
3040
6977
1171
2174
196
7472
3578
8802
1277
2389
7684
197
2273
2695
198
29
5120
2
5148
2459
199
1
7848
2
200
3534
4077
7114
201
5883
7276
7401
31
5233
7604
8954
2101
202
5478
203
4094
7545
8196
5912
7928
8678
2149
3191
896
1179
2906
6049
4712
7648
206
207
1350
2553
208
5687
7860
209
210
7725
7119
1778
5116
4562
211
8163
1991
1884
3356
5302
5053
2867
212
7271
2366
1258
6731
2190
3499
213
6241
7174
214
1305
215
5447
4778
2
6840
7807
7650
1254
1234
3116
7033
6380
5679
1254
216
2949
4860
6402
2902
7794
217
5921
6961
63
461
1413
6776
4419
218
6081
8704
990
4214
6271
6671
219
8243
4440
7842
3202
270
220
3187
8398
8295
2482
221
6529
1333
4369
5923
2039
654
222
2311
9001
4092
1628
2
6525
859
223
3506
6283
224
896
1811
5262
6608
6618
9172
3895
7687
8946
5160
993
654
225
4096
4917
3680
3295
4198
1619
226
1808
6101
227
5604
5158
3190
5969
5713
228
229
4868
7517
8501
1731
1
15
7
7828
5862
654
3
8876
1272
1219
2
1986
7086
2990
8269
8
230
4751
8185
231
2
990
4581
5821
232
7424
233
1540
234
3552
5018
235
7475
8355
236
427
4564
3166
5594
237
1752
815
3833
4608
5944
5731
1342
3201
5616
29
4052
8889
1
2548
8223
6700
8650
1
1926
1225
2583
5645
3081
8881
8729
8685
2156
7307
7456
238
6072
676
1895
4172
5734
7884
8341
1459
1451
5248
654
8774
5924
1135
2994
6279
5010
3771
6
3200
2435
1859
3891
8011
8895
2778
5858
5818
2872
6373
8611
1902
3906
5295
29
1
7958
239
859
4963
4870
5882
8720
1527
3555
6063
3703
6539
8178
7873
9126
6143
4428
1996
6955
7228
2172
2
3387
240
241
6372
5618
7820
6956
7724
242
2
3195
3559
327
270
8490
9000
1414
1722
7573
244
7385
245
2
3413
4468
1869
1693
246
739
247
4715
8283
248
249
654
1625
6048
7819
5916
4247
2048
29
5214
7903
7046
4171
7340
2454
3132
251
719
7400
7348
1821
3573
8934
1412
654
5754
4627
4617
8251
8957
8044
1877
2179
1109
29
1290
252
253
654
2
5833
4733
5356
5426
7567
316
4550
254
7891
6954
8818
29
255
5901
4969
2752
256
4736
5442
4601
5430
6128
7735
257
2490
5229
4480
5632
258
8560
2324
1369
7
3
15
1797
3068
654
1
9119
4217
6811
2
6010
2030
2956
4902
259
7138
5001
260
261
1666
654
15
1177
6876
6550
29
6996
9100
8086
2529
1920
5407
5272
5398
990
1301
4722
2944
8123
654
1813
1661
4761
264
8553
8997
1944
812
4672
6676
327
1593
2
4144
7698
8825
2384
1870
4339
265
327
266
2429
267
268
3623
6624
7856
7435
654
1383
2280
292
5773
5191
8043
8199
1832
4159
6622
269
1111
1520
4449
3905
3667
271
8603
8369
9152
29
5463
8288
6917
3934
2108
1394
654
8051
5511
5178
3226
1795
3441
6383
5937
5418
272
5301
3640
6011
8372
8952
1544
273
4735
2
7910
1279
5189
2572
4497
3319
2427
2312
6235
2793
5886
274
999
1
4705
8240
6015
8542
7982
1051
3871
275
5266
6094
7330
2408
3892
8170
6033
1685
654
3045
1207
7753
6712
8227
8275
2327
4163
739
278
279
2974
7522
280
7582
281
6684
1261
4560
4278
5605
7778
8140
8887
7434
654
1131
283
4668
7031
7403
8453
9049
570
284
285
286
990
6484
7961
654
7077
5680
3164
5287
287
5006
6052
7237
5671
1224
1811
6472
289
3192
290
8500
8442
1928
6637
7302
3421
8161
7470
6906
1799
291
5766
7320
3332
1918
2711
888
5954
6983
6169
1148
5176
7776
7597
1
1431
2594
3767
3236
4418
1650
4277
4841
7
2757
3371
1555
293
3957
654
8058
1759
966
3353
3227
7606
8921
1
853
3842
7607
2847
2806
1821
5041
3139
8452
2434
7322
1143
294
295
1562
3177
6661
5845
8656
4766
1334
2551
7096
5557
296
7809
2
2578
5003
3803
297
2021
3455
8868
8998
734
5804
4696
8637
29
4748
2992
282
1905
29
8503
4297
4234
8811
6
2
2436
2389
5985
6218
4006
5905
2173
2154
1890
4680
6617
6596
2939
298
3032
8022
1426
689
2
4293
1389
7440
1429
1959
5462
6595
4865
3255
7060
9027
299
300
1693
301
7534
2721
8146
8677
1992
3995
302
4914
723
5371
1563
2180
6489
7243
7676
8205
303
3711
4447
6428
7069
3322
8995
2439
4467
1496
3297
29
8568
7309
8535
3017
7360
304
2623
1969
3312
6553
2598
5877
2254
8330
4008
812
1948
5100
2635
3537
7240
3225
7187
1123
7705
8097
306
1335
2029
5288
4401
7287
308
8652
7474
2223
77
3253
4717
8287
5759
144
3483
7892
4765
990
7786
2379
5401
4777
174
8237
6578
2453
5698
309
3206
4729
4319
1538
8374
1891
9023
1332
310
3877
7192
4109
7145
3271
4348
6201
9047
1751
311
312
10
1492
4832
6649
8498
3484
2
315
8694
1206
4033
990
5678
7224
6147
97
1
1402
4000
317
4059
691
318
1855
3754
4055
6127
7945
2160
4224
689
319
4244
6412
292
1
691
7
3498
29
6609
3011
8622
320
7477
2450
321
3
8087
1822
1407
4160
4318
8053
1924
4453
5932
4807
322
9011
7391
5972
4510
2734
8665
7242
7314
2746
1446
4885
4893
6198
8162
6054
1936
2786
1665
2263
5997
7585
7421
9139
2144
4337
4926
5684
7589
6
6749
323
1344
4515
4089
324
8605
493
1235
6
6680
3321
6826
8812
1678
2306
4876
6149
7821
8169
270
1597
3234
6765
325
326
8680
1742
654
8004
1776
15
3313
6008
6696
7575
7010
999
1338
4444
4399
9103
1884
2845
6890
8416
3390
5740
2817
3866
1203
1785
2054
2519
5808
9032
1864
3099
29
329
526
3477
2725
7241
4998
1515
654
3056
4936
654
5254
654
330
654
331
6594
8784
6939
1960
4143
332
3575
3719
6160
7591
7333
1502
2
8125
7926
1309
8787
2759
5259
2780
4815
8838
853
6058
6277
9076
2297
1746
3482
1362
5378
7041
334
2895
7813
3221
7277
5182
8195
3515
3596
4604
8248
7080
2
5422
5491
4592
7772
6566
6103
1886
5534
1528
2970
8480
7659
1934
4561
3128
7024
8959
2279
4253
7835
5084
6634
2162
1384
3940
2304
2934
5130
4723
8155
5417
3865
6814
8018
4709
9022
8940
2647
6151
7669
5724
1058
4710
336
1252
1277
6317
4590
4779
33
6430
4913
7899
2685
4959
5429
7150
5232
6391
8347
337
7869
6703
2455
3079
4311
723
1
1293
3419
3
7
5911
3290
2591
3059
338
339
7990
873
2737
6098
7746
2014
4072
2602
1475
2
4881
3044
6080
8988
340
1645
1987
29
5252
4111
341
5585
654
8135
9127
3977
342
162
9162
1262
5185
343
6429
8651
7284
2705
654
344
6403
4183
345
7621
8238
654
1885
1961
1698
346
5388
347
917
348
7742
8591
2483
1749
29
654
8074
8698
1247
3784
8486
8610
1845
1821
3689
6911
6687
349
3133
6206
2663
5017
282
5994
7642
4133
8609
351
8996
4511
6339
2
7971
3996
7783
7808
2
2502
2023
77
2973
2391
2219
352
9025
353
2322
6639
355
5708
7930
6528
9015
1824
654
3745
4414
6752
4042
7918
7111
1391
4229
4702
654
2625
2473
3809
11
7416
6212
358
3852
8370
3317
8530
1568
5362
3896
7467
359
5682
1927
3859
7013
6192
5758
8126
9169
549
3281
6104
3404
6306
676
3830
6361
1844
8471
7743
4215
29
654
9116
1
360
2975
4596
5351
1931
2240
4767
1769
7215
9028
4142
3947
1942
3558
2911
6795
7944
1477
4408
3123
1873
3795
8640
1856
4011
361
6760
8024
7412
3176
552
1515
4958
362
7502
2208
7665
6067
2693
363
8289
6362
6656
654
8668
5314
7128
6349
2751
2826
8798
1711
364
2945
6236
9018
365
2345
7020
6778
2892
8976
7774
734
4724
366
2947
654
8118
1
2
7
1616
4570
2
2677
3
367
6
368
654
4374
5795
8418
4191
5597
8459
8879
2509
2843
5311
1132
6574
4816
5728
370
6420
371
1765
372
896
6030
7136
9024
1210
6186
3738
1
2
6258
8029
749
374
5984
1298
6227
15
7740
1818
4759
3268
4315
4087
375
3644
7476
6172
376
6652
732
1256
5345
8911
9108
770
5198
377
378
379
6
1
4276
7206
6164
6915
896
3646
380
7291
1150
3503
8384
4237
1954
2926
7059
1462
6711
6171
7570
5353
1858
1406
3168
5024
4298
5979
1201
8378
2
654
4259
8403
3270
382
7384
3416
6263
7505
1341
4912
1730
7886
6425
7082
270
1966
4475
383
8080
384
2245
385
7826
3204
570
6177
5321
6834
4165
6455
7116
2849
9020
2
3695
7992
1495
1835
3365
7624
654
174
1667
2135
2890
5840
8069
386
9054
2985
6225
4980
5823
2
6371
387
6388
9097
1826
4432
388
5023
2848
389
7651
578
1761
390
3084
7857
7920
7874
1
6582
4930
2545
5515
8141
2857
4032
6706
6990
1375
2532
391
6268
654
6
3214
853
2924
4223
6289
392
6947
381
2507
4321
6495
4157
8558
1269
7851
393
6453
452
5127
4427
3548
7850
8093
8571
394
2998
6910
395
3679
1
1680
2995
3
654
7
8671
2832
9165
316
5438
5000
6963
8019
8337
8888
1626
5117
7469
8300
7900
8065
8470
396
6062
4182
3734
7866
2228
1711
6145
7529
397
8412
1195
4341
2
398
5513
7609
6743
1191
2
6
1420
5888
400
1376
5381
401
402
403
8519
7213
1887
6297
5674
7461
3316
8484
3751
404
2412
1140
5676
1252
3729
5333
8983
406
407
7483
2818
7316
8175
1504
1450
3307
2
1552
8152
8095
8128
822
2
3205
5425
4479
2704
408
1291
1595
1605
7872
409
6175
2
4935
2356
4334
654
2
3364
7952
8389
9084
1116
4547
5949
103
411
1
412
4906
1614
5049
8089
1803
2646
6304
3009
1582
7883
605
2441
654
682
5715
8
3717
5061
7644
6124
6657
1708
654
3920
1318
7678
5045
8846
1365
413
414
3382
8003
8579
4231
5897
8494
8794
4587
7801
1655
415
6630
4490
6207
4911
416
7338
729
8054
7339
3831
4394
5723
417
162
549
6274
8027
418
8977
9107
654
3010
3585
6074
7090
5654
654
8528
5579
7256
654
2023
451
1648
4650
1607
4137
419
5814
6020
7948
8758
7327
5857
420
8919
2001
5267
1844
5253
5087
5672
421
8731
7975
1
1146
2239
5413
5014
7
6650
4004
1721
3
1245
3324
5946
8316
8806
8712
2055
4330
3053
6393
8085
423
3772
6035
263
2444
3838
5749
2
5570
3796
5172
8755
2699
2
2701
424
5317
4338
7711
29
425
6919
4960
2
1949
5355
6904
2553
3275
1468
4671
3540
3034
6112
4756
1693
6774
426
3323
1115
5780
3819
9040
1209
327
3769
3005
4153
8989
1420
7003
429
2935
4583
1327
2
5655
5434
8686
2
2289
63
6962
5558
5552
7281
1015
4029
1418
3025
1907
6988
6310
1412
654
5694
3027
6251
7699
430
2130
3511
5070
1335
990
1906
2033
431
2963
5551
5967
1504
1838
5359
4630
3591
432
4989
6897
1944
7781
8405
433
6721
8546
8473
8864
6562
1848
654
5572
8059
1395
9063
853
2512
1
3837
434
5195
435
5386
354
6102
8119
1126
5129
8040
436
1542
654
3635
3952
4572
5720
6613
1811
437
5982
7636
4857
438
3712
3336
8070
439
6616
1844
2
5292
4462
7497
350
3294
5935
4294
654
577
6068
1713
5940
8326
7847
5200
440
654
2651
5803
7144
2368
2332
5541
3326
4423
5341
7331
8098
866
4785
7118
6688
1066
15
3586
9003
8893
1
356
4105
5756
6336
441
6655
2626
335
3776
1354
4048
6517
3702
5469
2713
5569
7927
6261
9131
2835
6496
1
1788
2052
7
5546
442
6892
4028
1683
990
3
7525
1236
1612
6606
3878
5701
5878
7319
443
444
1514
2329
7135
9153
381
1218
5736
1492
445
8824
446
6825
1311
5828
7806
8821
8912
2102
1288
3972
3163
4248
4114
5953
7779
1340
270
3339
3367
4923
447
7244
1155
3240
1336
6691
8963
8387
292
3899
4097
5880
2227
6681
3396
6626
4474
1339
1884
2979
654
2
162
7354
7021
2275
5810
7089
1367
1
7577
6292
8810
8950
1386
2
7616
8390
6238
2877
1675
8567
7504
7395
8924
1633
3639
3430
2730
2
5088
4987
5364
1693
3141
7260
7134
7132
5327
5651
8533
1
2288
3362
2904
3127
1459
449
7345
7824
23
7853
6923
3075
1
450
8444
7425
8510
509
7165
3696
15
2422
3579
5643
1176
802
4640
4147
2302
3628
3383
5610
654
2338
2
6369
2079
4573
4116
1505
2400
3901
4353
6683
8211
4939
2424
4795
5437
6382
1602
3217
8972
859
1428
4619
1815
1300
1452
6850
7984
2307
5501
8748
8669
8332
7738
1599
3069
453
8410
8176
6267
6
2041
1320
4448
6229
7562
7062
7519
2286
6152
5140
4463
454
3427
6663
455
8478
7299
3239
4628
5494
4743
2
5745
1611
4331
990
4381
11
3954
4354
6817
456
4771
6009
5630
5696
4040
7547
3
1
1724
1
4737
1999
1
917
5208
2885
4395
5764
5669
8548
1423
1090
6294
205
6986
7780
4895
1397
654
1121
1874
3054
4750
5097
6291
8987
2260
5304
4776
460
3595
1259
1932
6627
6
2997
8479
1
2640
3334
1688
6475
1189
5161
29
4544
6804
3142
6767
462
1483
4565
5083
1595
4238
463
2405
2779
3853
5081
3131
3665
464
654
2397
3241
4536
4546
2040
3516
3245
8320
5799
465
6386
466
4461
8706
1379
562
467
8411
7797
1983
468
1507
5079
5661
5133
1117
4543
6782
7581
8449
7500
249
1573
469
1032
5831
1824
1687
4323
6385
1653
470
2200
6883
7964
5894
471
1439
8276
472
6036
8424
6222
8965
4577
8521
8351
1943
29
120
7195
605
7094
8773
2733
5414
473
1427
3363
474
1169
5867
8064
475
476
8273
8382
29
1984
5978
1152
6838
6686
8777
1739
654
3208
3350
2749
4368
5666
7756
8842
2390
4882
477
478
7506
701
1844
7245
7429
1935
5771
8359
8581
8750
1708
2085
6726
6044
7540
6565
5553
654
4706
3467
2606
2887
2662
6499
8822
7924
4249
605
1803
3622
7507
479
9118
2493
2377
3431
6466
8788
654
691
3571
7343
7861
1756
29
5580
480
2213
1601
263
7538
549
3612
3496
1339
1
2258
7
4814
399
7608
6899
9079
9070
2
1220
5936
7341
1850
5107
6770
6532
2657
1422
5702
7039
6790
7107
481
6794
8659
2364
5760
5026
6467
2
2152
3959
6982
6651
1710
2072
2653
5209
5104
1699
3465
3082
2712
8208
8742
7336
3085
8808
8317
4584
4328
5170
7131
1
1554
853
5074
3359
7764
5988
2448
373
482
8160
2158
3945
3741
1180
6894
2504
4504
4764
3509
5907
5199
493
4436
3793
5631
839
410
654
2
896
1303
7688
5346
2750
5082
1836
3723
7498
7426
6762
483
1536
484
6038
1277
2
485
2729
7728
2344
3870
4340
7909
7381
486
2355
4051
2905
4679
1055
1730
5251
7885
6395
1468
487
488
489
490
4703
2596
3414
5358
2
1271
491
6934
8536
6971
9065
2608
2
6741
8908
1228
1232
8153
8804
2
2531
1738
710
4356
327
7803
578
997
1972
155
7610
1185
2217
5202
494
3810
1729
1390
4937
6330
7714
3451
1212
2787
4556
327
2943
1548
8676
8890
8456
1
1321
1910
5002
6625
6443
2666
5243
8565
6479
6
2286
4110
6320
8913
7430
1463
853
5841
8375
5450
495
1908
2907
6157
5519
8687
2266
1
2365
3024
8002
6540
1883
493
4862
4320
3685
1361
1510
2
7152
6082
5718
7493
1710
2796
654
6803
314
1487
6228
496
8807
7715
1227
162
497
5306
4757
6211
7622
2543
9109
29
1771
5451
8192
3584
5589
1079
498
2
7154
809
1983
5065
4454
4781
4707
6255
5489
8967
1736
7164
3065
5868
2702
5280
7235
2396
3420
5331
2445
6239
1844
174
5706
4344
7706
6252
1347
1565
4762
2
3252
5929
6964
2198
1818
357
1922
5800
2163
8055
8228
1984
2679
4545
3607
5042
8827
6299
499
2899
5900
2937
2495
2238
1330
7815
2660
853
1194
6853
3805
1679
1
6474
45
2771
2157
1024
4957
4376
5022
7045
6682
6064
4827
3030
6670
3917
8759
7189
8256
4016
6601
2420
8898
853
3389
3041
5406
7532
3706
1066
3299
6980
3821
1604
350
506
3114
2438
6351
2553
501
8649
1261
4670
5521
7747
2004
6922
654
25
1833
502
5793
6556
2205
5224
3557
4666
8358
8214
8776
15
2363
4908
2
503
2061
8454
1420
4720
3631
6013
5893
505
8280
2204
3647
7296
1595
9057
1396
5077
4435
7748
9071
1103
7044
654
4128
2888
6159
654
9133
1851
5748
7533
9002
1923
6465
2380
7708
7074
4591
7744
4673
4738
1652
1
1287
7
2371
3
3196
7664
5455
6463
29
6059
7227
7986
1694
507
1710
1200
1
2221
509
1450
3881
3469
4994
510
5693
1454
3965
2
6597
410
8688
6356
2781
1181
1461
1
6
691
6183
5029
7085
513
33
1170
2318
6614
5769
3913
1654
4972
7713
6352
4533
2557
6416
1821
8569
6857
7293
6
2688
2
3811
3527
4212
515
2820
8728
2550
654
1824
2681
6021
3479
7353
3439
2794
2271
1463
4700
2
3194
990
1844
5258
516
5173
517
4571
4609
6491
2878
5443
7962
518
7166
1
1464
4529
3941
29
5477
8393
7551
5096
2629
6471
7087
2520
2146
4918
8109
2005
4500
2411
8516
2773
4446
519
2775
8723
3504
5139
4689
2610
8193
8572
520
1392
427
521
3300
8734
522
1840
3263
3625
3599
5420
4403
5836
4539
8417
8007
1403
654
4656
3768
7188
6873
7953
2132
8308
1165
1514
6943
7419
8099
523
1296
4140
4524
5595
3886
1530
4890
3450
5601
8691
7895
1
2674
2756
4176
3046
1
1670
1407
963
4563
997
8191
3048
6269
8010
8834
3301
524
2124
525
2556
8682
8693
4622
2177
7106
654
4849
6193
1
1311
5180
7
3437
6896
6902
3
2
853
4507
6485
7178
8137
6848
1588
526
527
3844
5404
7109
8944
7180
1275
3087
2194
6
4304
1818
1604
4086
7985
5164
654
7653
162
2
4897
7536
1
2732
528
529
5338
458
8061
350
3457
540
3078
5221
7161
1595
3021
8540
530
2122
1328
4566
6835
2418
531
3600
2697
7623
1261
1312
532
4681
5037
3682
5991
8318
9128
533
5058
534
1024
7649
1896
1317
6879
2394
2
5820
7978
535
1128
2164
1796
3179
2559
410
537
1828
538
5943
8354
1525
410
5811
4393
4575
3250
8717
1315
539
6308
1226
1841
8646
8872
1437
2199
3447
7957
8406
7719
1812
6766
8252
7881
2831
4034
6771
1843
1946
3858
4518
6581
3967
292
1844
6249
7124
3714
7199
162
7225
541
5925
8796
2645
4357
542
7701
277
4979
4665
4271
1726
3942
5714
4871
1616
4836
5240
7098
8445
4290
4929
6623
4124
1630
1092
3347
461
4909
3107
5476
3668
8428
7324
543
562
7177
691
5673
5765
6632
2315
544
4945
8538
2875
8835
174
3368
5227
6006
8661
3908
5989
3832
5150
5124
3338
2342
4397
1
1412
2795
3998
7300
3894
7686
1382
1366
545
7508
8075
8667
1
1471
3407
5846
3480
546
2
3
4934
1789
5581
547
8303
7955
6959
654
1515
5484
4623
710
4833
7272
8015
3715
6689
8783
1330
4148
548
6141
5981
1198
1379
550
5101
2
1364
6265
4530
6932
8961
1175
2392
654
5549
4078
5802
4430
6708
4001
2
5775
4139
7766
8860
8349
1101
5211
3872
174
2575
4974
6
6122
1455
6134
1070
8721
1584
3691
6868
3664
6642
888
3812
654
553
6303
4210
6458
2470
7544
691
3560
8197
4821
6045
95
1159
6507
1404
6055
1828
555
7558
1373
654
6937
556
5609
6406
557
2171
1940
1142
859
6576
3787
558
5231
654
577
1465
3113
2855
5865
9138
1884
654
5583
7782
29
1674
4904
7487
8363
1275
3662
3415
7278
4508
2303
3242
2232
1
5181
7580
1
559
8710
9140
880
5303
8017
4660
560
7939
2815
682
2383
4900
561
8342
2
1621
3574
5590
6641
3756
8947
1689
1825
7387
3210
5781
4299
1456
6940
4082
4699
7262
563
2615
5677
2
564
7703
2776
2107
2
3845
7637
2634
8041
6541
2
6678
7446
1546
3720
2348
2787
1390
4123
565
5099
566
4221
4513
4558
7367
1912
7049
1669
448
6949
7605
568
6
7259
4388
990
7773
8253
4684
569
5324
6028
1583
8052
1051
4928
1
2398
3816
3486
7298
8910
6515
2547
3327
8707
8212
2928
6720
5111
1281
4155
3160
6370
570
7022
1506
5373
3403
2
1415
571
2800
2252
5171
1434
5187
6806
6548
6605
9021
2787
1351
592
4940
654
4391
5179
572
2337
492
3808
3261
4206
573
1269
1693
6117
570
4535
7548
1967
7729
2
2323
3501
5094
4257
574
1692
1
4469
575
3288
6018
2
6492
4483
1698
8999
2506
4038
5875
8914
7799
1827
3779
9150
1400
1503
3308
5963
576
3150
6
1747
1955
1684
2765
5472
3642
8461
4942
2308
8725
7858
1098
1770
6722
579
9059
2151
8271
6014
581
2841
2134
5763
4035
2916
1
2188
42
6273
582
5360
8701
2249
8157
9029
1392
4365
4230
8754
7121
9056
2035
925
2502
2283
6695
4649
5792
583
2
1446
6867
5587
584
654
8600
4597
8642
5445
7788
9088
654
3049
8790
2043
2159
6518
1831
585
7512
8862
8150
1824
1735
1695
7864
586
7365
2886
983
7443
8541
6705
4385
6220
8692
587
1668
588
7091
35
3522
4851
654
5844
4473
7586
1141
4291
4933
7155
6250
410
8770
5298
6823
8088
7579
2176
589
5235
6534
4625
5531
9043
1452
3199
7852
5339
590
6702
5899
8735
2002
591
4719
5548
8432
2375
2788
5623
1213
1
654
3
691
2708
6968
2729
7
8001
8746
691
2065
3305
5772
8026
6503
1882
3551
6245
7433
5497
594
7784
654
6
514
2726
1884
29
8839
4335
8084
1322
8181
595
3670
4808
29
8101
1182
654
2931
4071
3800
6716
5197
29
2115
5527
5928
3146
654
2
3331
5507
596
597
2333
598
2684
8853
7601
7897
2141
2568
2358
5188
4642
599
8929
1208
4742
3152
6938
600
7355
728
2563
29
601
7613
1889
2
2977
5137
4045
5692
6545
1693
8527
6583
3885
5688
6502
3671
8621
9034
1135
6214
5879
5584
604
1998
2915
6288
5722
1564
4379
6347
9092
8814
6659
1337
2938
734
873
4568
1703
2359
4486
5960
3626
8799
1904
5348
5379
7625
8224
1393
3490
2846
8386
6057
6751
1642
2
3807
1648
9033
5296
1863
5300
6666
3259
5812
1
607
654
5906
654
2
1420
2381
2731
3458
4316
2270
6187
2948
2352
6224
7970
1657
608
6699
1442
609
8429
2253
1892
610
5215
1048
4476
1411
29
6490
7438
9090
6478
5582
8186
8531
2665
5279
5102
6460
6457
7785
3212
7388
1824
8902
2181
3070
8036
7983
8905
1595
3470
5431
8360
4598
2008
7073
2760
8982
7179
765
3530
5685
5500
4790
7122
6786
739
8263
654
1397
3488
5080
4272
6869
5046
7956
3373
9042
5778
1
3
7
611
4392
8463
6744
7720
853
2542
5268
1454
7117
4098
3994
654
1563
6598
5217
7143
5848
4485
1399
612
8636
1193
6723
6862
7219
1144
6662
29
5135
5151
7745
2864
7871
1107
1304
144
4872
4943
3495
616
8485
914
617
618
7565
8532
6732
6
2056
5628
2909
5578
7478
4246
1598
29
3735
5983
4377
8990
896
3448
6497
3444
6410
2853
7113
8841
2639
6487
4593
654
619
2325
2167
1729
2
7288
6259
4713
8391
8829
963
6935
620
4382
2708
6887
1945
8499
5835
2109
5085
6757
5695
621
8071
1334
4887
8697
4822
6488
1
7718
4873
5399
5537
1353
602
1174
6367
500
4064
6168
622
8655
7511
8142
2419
1557
6730
8537
6
1648
5518
623
1
5576
8875
8926
8819
2168
624
6331
4845
4877
9132
327
4818
654
5089
625
9009
1585
2192
3605
5109
3854
866
626
6612
627
2022
4732
3918
6740
1319
7867
8830
628
2
2534
3688
3330
5999
7844
6174
1252
990
5971
4853
3958
3233
7047
7845
7295
629
9080
1824
5366
8042
4242
8511
654
8324
1755
4789
2858
1692
654
1990
990
3817
8346
4615
4355
6043
5974
8904
1917
4552
4456
2722
7941
7509
1453
4188
1405
174
3701
1380
3095
7629
8858
405
5787
4613
5460
8397
7770
9115
2045
654
2807
5294
630
3925
1
1502
5691
6979
2981
8309
1
8837
6748
2954
3349
1673
276
4132
6756
3
2616
2012
3997
631
632
896
6223
5464
2317
3170
3184
2834
3710
4932
633
6405
8063
1844
2766
8672
8076
8130
634
1489
983
635
5008
8588
15
1506
2119
934
4100
2416
5564
636
7811
1399
3167
3935
1974
1032
1956
2198
7283
637
2925
638
6513
2564
7218
3782
1658
7289
6600
2145
8663
1560
1631
639
7792
5545
8778
8505
654
2120
640
4754
7465
1210
3606
5761
6316
7040
1416
641
5849
1676
2
642
643
6253
7133
6668
2595
327
23
6326
7030
644
1531
174
174
5411
2223
5547
504
654
7554
3342
1505
4509
645
3400
5183
8892
1617
350
6024
5237
2
654
3749
5805
646
4844
2025
1143
3497
8021
1425
2901
4611
6510
1528
2296
1729
5977
5884
7064
6396
2094
5611
7251
4991
4190
5861
8514
8630
1173
3471
4491
647
8012
1066
6872
5733
8599
2284
1580
4058
648
1257
1349
3222
4150
2842
7931
6645
6
649
650
6628
4999
3875
651
7361
7626
1331
3582
8539
38
654
4170
2341
8974
1872
3156
2
1789
654
4947
1913
8732
1
2
204
652
2825
8847
6841
4774
5757
1252
6459
6318
6005
9145
734
1142
654
8679
8559
2229
3774
4250
5577
4519
990
5421
7855
2659
4036
7071
6672
7167
7911
7157
1
1648
7
3
4021
657
8931
2682
4809
2896
6173
8102
1914
1318
6449
29
4997
2723
3272
7737
5743
658
659
492
1443
1
4739
1598
8210
7479
2965
6129
734
8587
7603
466
2241
4263
5741
5850
1733
8025
5709
1930
5392
6512
8495
1024
2067
6022
5207
2940
1275
7916
654
1470
1809
7949
1357
1
1537
5843
660
661
6827
662
8209
7877
1730
1255
4944
663
6179
5827
1
6546
3727
664
5619
3137
7768
8270
8488
917
5535
5256
866
665
654
2382
4780
1717
5815
2678
9124
2
4012
666
3953
2894
3485
2790
63
6781
6561
7370
195
7146
9017
2182
8660
9089
8246
1420
3083
4828
7092
5486
667
2100
1399
5141
7997
1807
6439
552
990
668
3513
6197
1351
7325
1
3468
7560
8602
4015
2573
669
3228
8000
7205
8296
7410
1118
2967
4025
2914
7854
3101
654
4675
654
2
3632
670
5681
8801
2929
770
1
7273
4178
8117
8204
5092
1973
2376
1
3304
7458
1435
5435
7526
8741
33
1323
6521
4638
3708
7317
990
466
691
3370
3615
2257
654
2930
2
671
6244
672
7075
1697
5057
5163
4112
3074
7149
674
8736
410
7795
6246
675
2175
3224
8103
6376
7115
7995
5646
8779
1605
1581
2481
3524
1894
1777
3836
2976
983
4586
5785
9093
1982
2460
5377
1
1853
1325
7
3724
2609
1397
8436
2240
5175
593
1693
2
7652
2611
1793
1844
6096
2729
2585
8383
9122
2215
3721
6927
5432
29
9161
1435
677
6920
678
1314
3185
7140
1734
4896
679
2328
7739
654
1400
2
6262
4782
5617
3428
3610
5372
2262
1199
654
5246
3136
680
4184
1497
1252
3674
1372
681
6215
3988
1337
2478
4966
8523
452
2076
6066
1277
8789
2111
2039
7083
2372
6807
770
3841
6912
8969
7026
6200
8775
8290
2
4859
3080
6060
3211
4226
6
8923
1616
2093
1994
1161
8623
3675
2243
3518
6446
6003
3182
5712
5458
8220
2167
683
7963
7328
684
8596
8394
1321
2423
685
6002
1009
3666
7833
686
8518
162
5277
7775
9104
313
1911
3440
7305
29
1663
1456
687
4698
5649
653
1
6
580
9068
86
654
7894
7079
5125
8981
7342
4522
4074
688
7371
6647
8848
10
7721
7290
5326
8005
3879
2492
31
29
1114
1380
2753
5995
506
3590
4014
4383
654
6481
8675
690
5193
8866
1472
3545
4614
654
8493
2032
654
5236
6839
1
1355
29
1288
369
1407
5396
6355
3594
7515
7254
6898
1403
3713
6272
2011
3693
6
6588
2
7716
654
1710
3529
8
4279
7374
8877
2649
689
4056
7542
6974
174
1
2350
29
1864
5400
6842
4181
3220
692
1243
451
4620
6242
2413
3153
4283
7657
1
3232
2957
2699
2804
7247
117
654
2522
4106
6798
2584
2476
2
5174
4788
2772
5474
4594
6284
2
4664
1457
4268
6746
6852
1205
4655
7315
6881
11
2357
3566
7002
6163
7265
8477
6432
9164
990
2
2303
4458
3517
694
695
8751
2
3251
4405
4811
2541
7252
1119
7453
1429
6234
8229
8376
2742
7415
1105
5367
5543
1740
696
4069
8325
697
3563
1577
654
3614
4694
6926
5650
7685
5119
8476
2096
4971
5809
2395
8726
723
2234
698
6607
4225
2414
7123
6851
5665
9095
654
5031
699
8202
1662
5637
2754
8543
1496
4102
853
5762
8792
1362
4863
700
5703
2821
4528
1501
4205
6166
405
5177
1484
4641
5504
8339
6860
1354
6462
4891
8260
1596
5934
1368
1828
702
3544
654
2640
6508
654
2728
7
1
1469
6901
2505
3
7382
1240
3466
704
1847
29
7366
3186
705
654
1897
551
29
5143
1893
5440
6542
7576
2604
9046
1686
2774
4228
4677
5732
7229
2533
8033
2913
31
4101
4445
706
6783
707
511
3581
6327
6099
8949
8909
1440
708
709
5123
6110
1120
4282
2958
711
5412
8597
3789
2587
3361
2143
5126
6538
712
7946
2472
2095
1310
3035
7234
713
714
715
2051
716
8345
8795
1700
717
2528
2
33
3249
718
8380
8752
1145
1541
1306
2984
7193
4296
8903
4988
2667
4477
1147
2893
6
2
1754
7484
549
1
8426
3320
983
5383
3993
3372
1145
3613
6202
1386
567
5260
4380
5729
5281
3876
8828
5184
654
1570
6071
2121
1691
3531
2140
6592
6501
8425
9006
552
721
8151
1937
4245
2539
3036
5060
2744
1
7727
3538
4629
6636
7105
1672
722
5382
8874
7921
1334
2484
29
1263
4826
6
724
1412
3737
3399
5329
7800
725
3637
7158
726
2991
654
6155
2768
6421
7280
8522
263
727
654
327
7662
493
2326
1307
2477
6441
5284
6454
1839
2
8737
4805
3175
2
5571
3454
1437
1
1455
1587
7
5136
1250
3
6461
7666
973
2570
1129
3213
3408
6
4636
6153
1223
7896
7862
1313
3258
2064
7859
6816
3677
4404
8400
6188
5487
730
1513
701
5851
731
654
1192
6095
3453
2246
4886
9083
185
2073
4310
3449
3873
3434
29
5869
8529
2838
2
1798
1
5902
4070
7755
6
944
733
6404
1437
4342
2
6084
4514
7696
350
654
8148
1167
5739
3801
5621
8133
8281
735
1545
2244
736
2538
6533
8131
1297
4855
3728
1450
1716
4119
1828
1395
7731
1721
1627
4113
6690
6319
7933
8899
1950
737
6254
6843
8831
4829
1334
552
4017
6344
2264
2125
6314
8727
6909
3849
1
2603
654
4823
7600
7208
4783
7680
8179
1978
5093
4269
7555
8942
4995
4359
990
5247
6089
9125
1841
2980
6093
7025
6374
7182
4848
738
7151
1197
1988
5323
4261
7393
2050
1
4266
5479
2
5145
7635
1878
3611
2922
896
1828
4420
5165
3532
740
7389
7102
719
654
2305
5885
4540
7491
427
691
4907
7052
2402
859
6653
3926
3180
3064
813
7014
6629
7968
9136
4952
3091
654
5257
2211
8321
2485
1274
3902
741
7462
742
743
4769
7159
744
189
745
1489
6123
5786
5052
7670
4364
2801
4442
2761
4117
4669
7285
8563
1
2720
4864
4122
1
3
6669
2401
4744
7
7510
7888
2
3172
5496
1
1728
5892
2638
9050
5380
1341
1079
6107
656
8008
9101
1
1528
746
747
1532
1975
4121
6603
6348
4039
1479
5919
6997
799
1454
3580
6328
2313
4784
5791
7
7893
8504
1471
2490
3174
7660
7261
8971
1515
1692
4187
5891
748
8882
2007
5152
7035
7830
2698
1774
749
7466
2517
506
2
4396
2715
750
2415
751
3106
7058
3556
7267
8107
7539
262
5625
7455
8739
2823
8134
905
1632
4222
5330
3375
5950
6480
327
896
5312
5040
5011
6769
8544
5162
1488
4136
6113
5282
6792
752
7162
2169
1436
6125
8823
8143
1261
3102
4688
7056
1275
3154
5742
753
29
654
754
7173
6829
6313
2524
2
2117
5592
6381
1516
2034
508
4916
29
654
7550
451
795
755
756
5361
8200
3292
2
2267
4657
4711
6375
3649
1133
5485
3630
6413
5196
5204
8561
1564
3089
4275
8222
1365
3111
1819
2148
2569
5090
5596
3828
6791
757
8322
1773
3587
6709
7463
1639
5086
2133
758
2218
2410
5439
3740
8203
759
5063
1682
6
4970
654
29
7559
1237
4067
4579
4667
1729
4406
5853
2694
4090
6278
2325
990
760
654
761
3223
2833
8138
8032
1032
1574
4825
5444
5638
1508
5249
5839
763
7357
8091
8803
2686
3013
3345
5105
1
3
1854
764
3273
1350
2077
5751
8836
1157
1647
5285
766
2
1575
2
5941
7148
7712
5483
7707
1817
2
5798
3781
3037
6530
7925
1308
2153
768
769
2637
1757
3927
3736
6486
7594
9058
2
2168
2106
6097
8993
2216
2903
3868
1273
893
3765
7543
1138
691
676
1782
3161
8189
2069
772
773
5155
8219
9069
654
5986
2488
8433
774
1745
3937
775
2461
776
3620
5146
5721
777
4512
2632
6248
778
2996
1697
7248
6685
1407
5719
8766
9037
779
6547
4714
6877
2762
7976
1405
6040
4652
780
654
654
4438
4287
3474
5095
3209
6505
781
2515
782
6266
4218
7641
7827
7840
654
2619
689
1824
7326
29
2017
506
2554
4516
1365
4589
783
7012
173
1427
5328
654
1437
784
5750
7204
8
6216
5779
7481
785
8145
4061
990
2487
786
3181
3445
925
787
1576
1481
788
5113
7402
5602
3066
8231
8756
9171
7108
7943
2446
3402
4023
2829
8441
1
1586
6483
1932
789
1852
6889
7129
8166
7692
2670
9061
917
2656
2269
2921
1632
790
1909
3798
8648
7805
3092
6813
7232
8221
1
1449
1
3933
1539
3826
7531
791
2
2852
3314
7736
8373
8112
9074
1887
4398
6090
6888
1591
9117
654
1624
2966
2718
9008
853
2452
2097
4478
8340
2850
2
2
6878
3992
6733
7051
793
794
31
1318
2037
3357
7203
3115
8933
2
1211
2558
1595
4580
7798
654
7908
4329
3929
5493
796
8215
1608
6026
6559
4322
4351
8115
1844
797
7369
3848
2225
6788
798
6836
5276
8092
7602
1337
1154
3237
6456
3931
4606
8978
1579
5156
2425
1659
6789
1348
1
6118
812
800
5461
5503
2988
2015
6805
3026
5453
801
451
1262
2592
6543
3914
3097
6571
6952
4027
6023
1099
5225
803
8614
2869
1
3055
4647
8266
804
7156
654
1503
2
689
5255
6077
6928
2437
2912
6801
8705
2315
1
2060
4333
8331
805
2589
806
3651
2523
8364
6673
8809
2
6004
6162
8979
7352
8235
5264
853
6554
7329
7194
7359
3889
6056
807
808
7386
1804
1
3422
6078
2
6424
3096
4637
4243
5920
6914
8871
6976
8817
549
4085
6591
3173
2644
5824
29
2687
1693
7524
1814
2883
5898
5603
6041
4494
6
7901
2717
655
5467
3120
8265
2
4645
3654
4007
5717
1
1248
7
2514
5273
6417
6831
1374
9160
1363
2571
2112
3657
5310
1252
2206
2612
4313
810
2475
1764
6610
983
6182
4325
2962
811
4734
1438
5926
7279
7557
1222
1188
1172
4146
1168
2527
814
1456
1833
4484
5606
1277
3284
5387
8437
8306
6493
29
853
4443
7068
6
2360
5203
1395
8050
1758
38
1163
5876
5870
8261
7422
1725
1927
4013
7076
4372
3325
3100
457
5416
5441
6407
4983
1330
767
6203
4585
6701
5565
8833
29
6907
8566
8673
1
3661
4145
1884
3129
9016
7372
3757
816
7418
3216
2
4786
3785
4532
8353
1265
2370
3690
4267
7358
4718
29
2709
1633
2290
3716
792
7940
817
1444
1824
3641
512
2013
1567
1527
3019
4273
4747
7409
6260
5514
8615
4992
3533
8049
1898
4216
4708
4603
1
6070
4481
7368
6470
888
614
3425
6114
2503
3256
4899
4521
8598
3274
8072
6775
7553
1976
3031
818
654
8327
1143
5735
8242
405
4986
1079
8684
8030
1024
602
2953
925
3709
6109
8925
819
5970
3215
8399
1705
5131
8282
9031
4687
6569
6677
5622
7563
1699
5872
2739
821
1844
5998
8628
8844
868
4654
4202
1471
15
654
822
1
1805
7390
8465
1834
2511
1885
4460
6464
2111
5250
3722
8472
7732
7417
2105
8066
2354
1184
2530
4240
6473
824
4749
7220
9148
2047
3238
8077
1881
4192
1494
1
7951
7537
2
1274
896
825
6290
7632
1857
3042
3827
6800
6232
410
2
2406
3909
1571
5826
6176
1330
1441
8951
7048
29
2236
1294
2494
29
7473
4301
3073
6270
5528
1743
8975
654
1730
3151
1638
7569
5931
1729
827
853
1594
410
8601
8604
1437
1915
6621
2282
4366
6635
4567
3492
2214
3840
7937
828
97
3060
654
2331
1969
2810
1
1580
3726
7520
8381
1124
2
1951
829
3262
6978
8865
8464
1397
5626
6065
8183
1616
2028
4295
7501
8608
1
1252
5283
7183
5390
4358
5357
691
5482
2399
5459
23
2294
2204
3980
5567
7615
2196
853
1478
990
9142
654
1633
4115
830
2546
831
8716
162
5829
5956
8225
8785
8918
1239
1
4083
7337
1886
3818
5369
5075
3169
7334
5770
5908
204
8182
2409
2920
5423
7120
8800
7006
1791
6029
2952
2
6724
6619
350
2654
3328
7404
243
2641
1
3385
3583
2
4651
7876
6
2555
2486
1
1861
1156
1339
7
3
4197
8419
540
3475
4964
3862
6643
8945
1231
833
6340
5320
6415
8201
8483
1350
4361
1617
1519
1794
1110
835
2898
8856
3705
5244
5980
8955
1618
1624
2150
3417
5752
7160
1332
866
1079
6903
836
9141
2081
3966
6000
837
654
1360
1585
838
5726
4967
9155
2
8090
6568
3012
1977
204
2696
853
3355
6640
7787
9038
839
4488
8573
1849
7929
9146
2
3783
840
841
7496
7275
1802
2
3393
4804
842
4678
6793
843
5784
9051
1
1330
1
4905
3130
3333
8980
2
4728
3951
844
7223
8136
770
5670
8206
1781
7214
4141
6341
8368
8343
1635
8120
654
3043
6051
1365
3983
3315
1763
3825
4874
2125
4343
4207
845
5629
8422
7137
846
5335
1386
6558
6761
6966
8772
570
6161
654
3472
2933
6580
8083
1
925
1649
5030
1328
847
8927
6039
29
7865
2456
3094
848
7831
4835
6828
1204
6933
8277
2566
682
8230
1940
8481
7771
850
8016
8079
1337
4646
851
1818
1
7351
8757
86
7675
4682
654
2783
2
689
852
1
2526
4990
2700
6654
9030
1
1322
3337
2010
173
6419
3243
1267
6
654
1312
1760
2871
7489
4127
854
855
6970
4204
1698
856
249
7870
6536
2
4856
857
2590
993
8259
1214
1718
2597
6577
6504
654
6604
2075
3022
6389
2777
654
1946
7681
7375
8620
5512
5755
8612
8575
6855
2986
858
653
7661
654
3572
6564
7938
6779
8272
4041
4292
860
8873
3989
4674
2462
6587
4134
4154
2036
8173
4605
9110
9158
7253
3676
7018
3904
1490
1496
1286
8554
1485
5005
3924
7516
1429
5563
862
3405
8194
1762
6298
8293
270
4867
5241
6217
5374
6870
2386
554
2309
863
4400
3002
3159
5021
2426
4441
8249
492
1962
8992
2361
689
864
6281
3660
5270
7311
7139
7452
896
5047
2
865
2388
6611
6031
1
2089
2844
1478
29
728
1277
1264
8793
5488
8517
7004
2128
2261
3629
8666
3687
2860
3746
867
6895
1772
613
4180
6287
2611
3882
654
3378
4953
6667
5796
8190
1
869
3489
1066
7816
8525
2617
1467
3616
3962
509
4309
654
5122
8935
2036
5777
870
1622
3982
871
4489
1633
8245
3178
872
2658
6076
6445
1553
9144
1
1692
1574
8689
8851
2170
6136
3900
1569
1386
5352
2
7420
792
6560
1048
1
6247
3289
2133
7294
1183
2919
6945
874
3589
6552
9039
7190
506
3659
7406
875
6918
8129
2155
5866
6158
6714
6972
654
1844
305
1153
5475
5068
3678
876
7011
1546
3820
7566
5395
9055
2
2661
7313
2059
1252
5568
4166
2316
1136
1324
29
1011
4616
6046
7061
1000
6664
6742
8184
2053
5965
1715
3550
673
2549
6105
1520
4551
4517
877
1
4390
7683
5234
728
6579
2187
1729
3481
8315
7153
8365
1340
2186
6111
3269
5864
6440
2562
3835
1486
5457
878
1402
7
879
6815
6951
175
6364
881
6325
7817
1261
3792
1609
859
1824
2336
2540
882
162
2255
327
3523
5427
8497
7671
3856
8786
9114
866
1862
2431
1995
4973
6946
8068
1919
990
7733
427
4003
327
1390
2404
327
883
3718
350
8020
8562
2310
884
5376
29
8594
8805
7694
1558
1251
2706
6844
2424
174
2238
654
350
5190
5149
8301
4088
4793
2
6116
3072
885
5753
2334
3535
7070
1702
5293
7197
4884
887
4024
654
1
5039
8057
6138
7407
8916
1491
3521
4130
1
4950
2508
1295
2703
6321
7762
3884
7
3
1871
4431
6132
2151
4852
128
7979
1343
6195
7832
2856
8549
1748
4498
1810
3898
889
2668
1753
29
6358
5903
7445
9130
2631
6332
1567
6322
5816
890
8213
1261
5927
6967
1
2710
5315
4073
1158
5265
7980
7663
3887
2
1367
1616
603
654
2
654
4554
3380
5448
3118
8420
5664
892
1543
4472
8733
2
894
3397
605
8111
2
3193
8943
5452
1985
5539
895
4496
1221
4274
654
6433
897
2740
4879
7749
7427
8797
654
276
3086
2335
2767
5138
853
2123
2851
898
4725
1629
567
4169
5349
3508
6305
5652
2166
1980
8207
2917
2440
4302
5964
3733
8218
2080
2689
3739
5274
6833
2537
316
8073
899
6276
900
7837
4697
8570
1275
3149
4954
4099
8427
2609
8593
8333
7633
3157
5290
7344
8617
8082
8545
2119
5523
3860
8700
3692
9163
1410
3004
901
2
1
3698
1009
3604
1268
4175
1622
3310
5544
2298
8958
654
6570
997
1964
6017
990
7973
653
3103
3197
8884
8768
7257
327
5354
7880
902
3619
1828
5263
328
1
15
903
6715
2961
5975
8255
1970
4921
8878
1727
654
904
6509
8994
2247
6442
6519
8670
9087
11
1364
7802
1606
4690
1
2006
2
7
4373
2865
7521
6615
8582
2664
1420
4752
1698
2960
4837
7588
8907
5071
4349
7777
8268
723
1277
3346
6398
2798
2042
33
7810
6704
4416
8423
549
2881
2237
1417
1358
3278
906
1304
4161
4254
907
3033
5542
908
8414
1334
1784
6737
909
6854
1865
1326
4492
5860
4168
6995
910
8883
327
5922
7306
5015
5990
3971
1879
6257
911
1289
2946
912
4922
85
282
3864
5697
2
8328
8524
2496
4740
5705
5945
4576
2299
428
913
5707
7376
2248
5788
29
6975
3758
1112
4220
5993
3329
7016
6929
6991
4350
7100
4846
8348
2789
654
2184
6392
8174
2840
8631
2799
5375
7084
5226
7201
9135
2
1482
7494
1693
3047
6343
2161
915
6108
916
1742
7081
7043
506
654
2648
7674
4409
7751
2
2272
6747
3303
6585
5874
7097
654
8713
2118
1796
5838
2521
8396
9111
1766
1292
3597
4920
2331
918
919
4177
914
8356
6154
5890
1701
4892
2
5020
6675
5397
6936
5635
1
1818
3155
4054
4760
8006
7556
920
2110
1757
6092
7310
921
4612
5038
7457
8502
1066
7796
9066
2758
2993
7054
691
6819
6012
1229
922
3088
1436
4977
6713
7126
1
8506
1280
1825
5316
8745
405
1924
4701
5675
7523
6830
8294
7460
5069
8448
5510
4060
923
8329
81
924
7513
1
1
2
5350
3264
6131
3932
7954
3554
3
1641
2083
4662
3985
5344
3348
2277
1720
2
6567
9064
8039
1372
1233
3648
3806
4193
4632
6728
8254
7702
2009
859
6551
926
1079
4661
927
1
7611
2119
3707
928
7350
654
1787
8606
9078
1900
654
5976
8690
8298
8743
552
1586
929
7468
990
2876
734
3138
7987
6
7518
5159
5794
5186
5073
7255
930
1474
3280
931
1451
3592
5647
3743
1092
2791
4026
4439
4412
7617
3306
932
6900
8443
5659
3198
5556
8048
9156
2497
1380
1460
7269
933
5636
8699
1965
3318
2743
4599
935
8653
1
1362
4919
3923
728
8613
2447
3462
7216
6397
2763
6537
7207
2747
2827
936
29
6871
4941
937
6431
5498
8574
1500
5591
1710
654
6777
2
2373
5216
204
1526
4831
8154
1375
5782
6992
29
5599
8894
9077
1489
1
6697
8781
8760
8592
938
654
7042
6494
3410
5050
9013
1504
939
3577
6
1329
654
3598
3956
2503
1767
1
6032
940
4610
7485
6674
941
2210
5856
1079
1693
4493
29
5776
6719
4704
5783
942
6818
4880
5495
7564
7913
1921
1445
8045
3219
5269
7163
6334
7969
4503
6944
2
2614
4910
29
2339
7226
1423
4755
4284
2910
8619
162
2
4869
8081
1
2183
1316
7
3
7028
943
1190
3731
6282
945
7110
7878
4982
7246
350
2561
1735
4286
1261
7408
1
8336
5205
4482
2971
8302
762
946
2466
1661
5789
4232
4270
2513
2127
5918
8664
8096
2
6357
4327
6882
2692
947
3230
492
948
6368
4631
2
4537
5686
949
654
1365
2434
1433
5532
950
7264
2675
7709
1643
3794
5896
3928
7541
11
6156
8371
6435
8930
3335
6755
8869
7209
2
891
511
6
2220
5239
7217
6452
8124
2191
2
5027
951
4692
5363
2071
2743
1337
2964
5334
952
5915
7211
654
1952
9036
8335
1561
4927
3857
5524
990
864
133
654
3603
2242
8708
3090
953
8681
7679
6531
954
1880
955
7066
8491
1252
2265
5106
3456
5859
2936
6307
5506
6047
4050
6763
1547
6133
7236
3802
4799
7838
6329
6360
1392
3029
7055
1623
6342
4466
3813
3763
4022
5091
7413
956
4773
6
2783
957
8250
1499
4019
4075
3231
6243
1571
1800
1419
1408
1794
8233
1639
1
3759
1
1550
7
2
4345
958
5062
8114
6451
990
3
719
6
959
2769
1356
327
3162
6390
8217
1466
4624
6658
7561
1260
3987
7868
8964
703
5797
7397
7034
5644
7584
654
1780
3257
4850
4065
7914
960
1729
1122
5121
2680
961
2880
4005
8645
7023
1773
1939
962
4410
5614
8857
7646
7212
8973
6185
6950
6324
4901
7282
8357
1277
5223
1113
4559
3110
3388
3636
185
896
964
3147
6233
925
8639
2096
2719
3960
7723
6
9157
7428
859
3843
8171
7839
506
6913
7490
2252
3276
2203
8897
5167
1443
86
3964
5871
4084
3391
9151
734
1
15
3188
965
8415
7169
1217
6586
6764
29
6729
2224
1633
1
7442
5640
6799
8305
428
6170
967
6739
5194
1409
6527
5555
968
2471
969
5299
970
983
8274
8367
990
3487
5817
4915
9019
577
1634
2897
7630
7268
8132
1792
420
1496
971
6573
972
654
5642
5009
2378
1
1
1549
3748
3633
3653
2276
1480
1
3505
4093
38
4840
6969
8362
8311
7249
1933
6180
1732
1282
7127
3780
8718
2607
2367
4239
2078
1888
1
29
7321
6137
7552
1244
1963
7270
5657
5128
974
29
8232
7634
6875
3473
42
8031
6960
826
174
654
4156
975
3991
5536
4595
8557
976
5634
4676
6075
8047
7761
1830
5034
1646
977
1
978
3411
7587
7791
3
33
4384
7104
29
8585
7998
2114
7863
1327
29
2586
7991
6985
8385
1079
1737
5641
6859
6312
8861
25
8657
8187
2
3039
4317
2628
7754
8474
2536
979
5529
5405
5837
8060
980
8116
9159
282
5561
981
4047
7431
4389
7996
691
2082
3018
3797
982
1145
1648
984
6256
985
1537
1
5530
2605
7890
1370
4768
8715
2098
4817
815
428
2628
3008
654
3652
986
7318
1806
1365
4303
2
602
5261
3311
4526
834
1
4314
1378
5043
7631
7176
3438
8094
1522
963
987
8850
8885
9154
2690
2026
6754
4186
1342
2
7175
6387
2727
654
5600
989
1520
9113
350
1838
6
5066
1696
4043
1824
8388
7843
2458
5627
2574
8576
654
6516
691
2923
1
4763
8816
8854
8820
2250
1903
5598
2738
5966
5768
1559
1266
5913
8431
2046
1
2642
3986
3543
3266
7399
2741
29
7568
7658
8764
7677
1241
6346
5166
540
5973
1846
8046
7464
8457
8267
1626
991
5076
7027
7960
9026
1403
3893
4108
5336
3791
7627
3424
270
3343
992
2683
3948
6500
6602
988
9147
2
3340
6199
3134
3
1
1473
691
7595
1925
994
5746
654
896
5806
1493
6692
4548
2004
7274
7392
1395
1982
5825
1534
995
996
7112
8323
654
1367
1
7994
2
859
1186
6511
983
1706
3432
998
999
1302
1001
2295
8769
2691
6646
1
3553
7398
4557
2874
6037
2369
654
2764
2235
1315
2044
7988
3697
3254
1002
8616
5499
1003
2
4834
29
2464
1519
2118
3119
1491
1004
4501
5747
1005
2
823
1828
1006
1968
7932
4542
7619
8730
2803
5454
1783
282
1270
4502
1007
1008
6520
8492
8915
1476
4289
1010
4802
2
2797
2580
3761
2908
4203
6891
7007
5586
5067
5540
8970
1
1432
6434
5955
8767
307
1253
1012
1967
1595
3287
1
7181
866
4806
2814
7614
6350
1013
8284
7645
3265
9012
1489
1610
1014
2131
7057
1
8028
1867
605
2092
990
3442
2031
9170
1600
1016
1017
925
4741
8104
1403
5044
1018
7977
8953
1399
1332
8556
6544
7829
8291
1421
1019
4792
1020
3067
2329
2836
4889
1021
5115
7451
4371
654
8319
1000
3910
4948
6965
8880
2465
3260
7037
8647
1
2195
1636
991
1022
4644
7950
8633
1023
7088
3663
7656
4227
2417
3978
654
4426
8552
1
1
3
1108
1729
7
3001
5663
6438
7972
1382
6590
2736
1334
1090
5660
6941
5289
6633
1320
3493
6931
8526
1025
1026
1465
4452
7898
4151
5730
6354
1847
6309
6088
4961
7308
7836
1868
1730
1027
9052
990
1342
3418
5930
1989
719
3846
4126
1028
1029
2231
4487
8475
6016
8286
8638
4415
328
7448
1030
1773
5612
5716
4894
8960
3293
8159
8264
7834
1166
6401
2
1031
6210
7436
5318
1
2
3546
4812
8855
1187
2813
4938
3302
7170
8695
1364
3452
654
7793
6924
8408
1033
2
8534
7690
6165
7347
3576
2600
7598
602
4233
1066
8991
691
155
3459
4951
8629
8939
1723
1941
5370
6399
703
3753
245
3143
8590
1660
5517
6061
3549
5393
9081
8724
1931
3016
6100
1034
1035
1036
1407
1583
4797
4903
5914
4878
1037
3381
5648
1038
1495
6087
3547
3395
654
8932
5337
2281
6785
886
1039
9102
2086
1040
4164
5168
7346
5656
6861
1041
1608
5368
8285
2226
3098
7396
7362
5690
7640
1042
5210
6213
6190
7377
5153
1043
654
1261
3401
990
3051
654
3930
3394
6085
350
6893
7752
7730
2142
4787
7492
1
1044
8366
4981
3366
767
4451
7999
7758
4955
3038
4541
8110
7750
1045
5738
2491
1272
4506
1046
7029
4898
8262
2268
4653
4037
3341
7286
615
3
1
1047
1
4842
6315
8338
896
4525
983
3650
9005
8740
9048
1230
7
4946
2613
5520
2331
5297
7036
3248
654
1049
1398
2500
6053
7902
174
1603
1050
3006
6810
4300
654
8626
944
6437
3624
4367
2655
8852
9168
1911
2070
1051
859
3755
6796
5218
399
6191
1052
5016
9105
6
2016
4425
896
1053
7186
1054
3463
2
29
1055
2873
2278
2099
3921
3058
3829
8279
7599
1056
8278
1352
3766
7292
7015
8644
1794
4437
4838
1057
1467
1268
4813
5157
7654
2349
2516
5410
7130
5662
4626
8100
8334
5667
2518
511
6832
9073
2282
5389
5996
4209
8747
8508
1
1381
4352
7202
8165
1521
4305
1059
5554
5309
1633
654
2321
2978
3618
2202
2982
6384
3919
1589
9099
2
1
654
3683
3267
6549
3867
1060
459
2351
4386
8188
8149
3976
1517
4745
29
8941
2593
567
6707
5855
6822
5332
8467
1514
1495
2340
2627
4370
8392
9075
1779
3109
7667
1517
1061
1371
5424
8078
7063
7919
1062
1063
6221
1916
8555
1876
1693
4861
5019
1
1330
2479
8312
2469
3938
4433
6050
8936
1064
1276
3874
7934
8451
2621
6042
1026
7447
2058
1707
1824
3704
6167
1768
4639
5873
7936
7904
9045
832
1
925
7
7471
3970
7889
3
8440
8762
2839
25
5490
4125
1065
7380
1710
990
654
162
6296
4201
4965
3491
990
1380
2019
853
1106
7008
6083
5308
7974
1067
6802
6
33
1820
6993
9072
2230
654
3140
1068
4800
8402
8815
1159
2343
5689
1069
2136
2
4429
1
5206
4634
6589
3429
2
1471
6772
5142
5305
15
7849
1278
8507
3770
5230
2018
3344
6837
1071
4925
5959
2
1750
4847
4555
1072
7704
399
1997
1275
1073
5118
1407
1730
3888
4505
2385
5471
1074
2374
4465
5470
5992
5624
9096
2554
6366
8984
4068
4820
6450
1075
654
5072
809
2714
5291
13
29
2854
1387
7882
8744
606
4219
1264
3955
1076
4103
8550
1807
2185
7449
8435
4066
11
2066
654
7549
654
5033
1077
5832
1527
3398
6660
7530
2652
4633
3446
1078
8564
7734
7726
8439
1285
2251
7196
8886
2119
6482
1969
7459
282
5767
2103
3519
7923
292
888
4199
8121
2137
654
2
5347
3700
1080
2770
1437
2198
3565
1081
2084
2567
316
2676
29
1082
2443
2209
4362
990
7032
8013
2489
4081
2863
6735
1449
7
1
1299
3298
8813
8404
3
1616
3062
1083
6905
6885
1084
5403
6958
2830
8247
1423
1202
6140
3360
2671
8438
2319
1249
7722
1085
1342
1711
4534
3510
973
4450
6856
2285
29
8446
1086
4044
1160
4607
6447
3609
1
2581
4819
1899
3725
4196
3588
4791
8586
2292
4721
5830
8985
1
1824
5051
2999
6135
1322
7142
282
7394
5909
6506
5466
1087
1673
5132
15
5055
6275
174
1088
6908
8313
2074
6001
7335
4306
4858
8509
1585
3799
654
5384
1089
691
4211
4235
7480
8014
422
2891
6091
3112
5608
1458
8292
8635
7005
2785
7574
6418
6146
4455
5468
6820
8906
1938
4549
5704
7695
3158
6363
4956
4281
4796
8462
6880
8401
6069
7593
9041
1979
4993
6759
5222
1024
6
1091
5456
250
2812
8920
30
7301
1216
5947
1093
6280
8863
8299
1408
691
3148
5028
8038
8407
7147
9120
2463
2222
1
5340
6644
7527
1094
8434
1518
6181
6984
7437
2866
8948
2582
6142
8156
6693
9134
2233
2
5952
1095
6007
8009
2320
3863
3108
5774
7444
720
2193
4683
7125
1330
1527
654
2442
5481
1096
654
1097
4332
2599
8430
7578
1401
8513
2
1828
5533
4520
6411
