1
2
1248
4
1341
3
5
3641
6
4686
5705
4030
5379
3589
5262
2838
3654
2128
3707
2329
3038
7
5499
5300
5502
4235
8
9
4579
10
5359
11
12
3786
13
14
1485
3019
2095
15
1773
4240
5805
5958
3577
5342
16
5568
1336
1219
2654
4833
2743
17
18
19
2
3955
3112
20
5689
21
2172
2451
1755
1752
3980
22
4066
2650
23
3652
24
5910
25
5640
5861
4455
26
5040
27
1875
1970
3575
28
2727
3292
29
3728
4734
2561
30
3572
2856
4340
31
1693
5661
32
33
4746
3006
2604
34
1923
4085
4289
3055
4336
35
5522
3657
4936
36
37
2940
5737
5126
5163
5618
2390
2788
1402
3563
2246
2820
38
2312
3512
39
4309
3
1
2
4
2282
40
2803
3243
1652
41
42
43
4180
2597
44
45
5230
5904
4807
46
47
5549
1634
2187
48
49
3066
3491
4684
2447
2772
3797
50
51
2499
4437
4786
4392
3146
4566
52
1687
53
3446
1804
5431
3131
54
4080
3799
55
56
57
5349
4081
58
5834
5141
2518
1877
2579
2
4136
59
1659
60
4669
4956
5531
1838
4523
5803
4308
3189
61
3278
4012
4401
62
4838
3773
5174
63
2197
1486
2232
2
4053
3315
5434
4270
64
1389
4739
65
66
1455
67
4930
5870
68
2
69
5841
5895
70
71
72
1667
1284
1608
2994
1959
73
2906
1864
5297
74
5532
75
4384
5168
76
5344
5521
77
2780
3049
2445
78
79
3
2
4
80
3924
81
2080
2685
1579
4557
5068
3715
82
5150
2547
5410
2487
4407
3519
5943
5090
5771
5350
1743
1762
2
2525
4263
3745
3053
83
2154
2558
4025
3642
84
4721
5482
5866
85
2
1797
1720
2077
2841
3675
86
2911
4055
87
88
5540
2995
5942
3230
1
3361
89
1304
3600
90
91
92
3009
5922
5718
4382
93
94
95
2908
1220
3945
3322
96
97
98
1243
99
5697
5452
2483
3407
5963
2257
1362
2563
3084
5066
3075
1853
5232
4474
4731
1700
2381
3043
2979
2351
3754
2310
1513
4926
4448
100
4974
4422
4969
4767
5031
5623
5888
3815
1678
101
102
2148
103
4844
104
105
2470
5423
5962
1992
2
3
106
2279
1668
4
2540
1
2969
1650
4706
4009
2116
4106
5033
5885
107
4680
108
109
3121
4157
5824
2567
5132
5313
2360
1639
4006
2552
2013
110
4730
5614
4560
111
4445
4052
112
4089
5394
2435
1624
3324
113
1422
3281
3703
2935
114
5565
5451
4858
5354
3481
3062
5965
4519
2672
1506
115
1845
1730
2092
1340
116
2729
5167
117
118
3593
4073
3951
119
1325
3384
1754
3203
4112
120
3959
2236
2
4115
121
3218
3765
3139
4071
4498
4800
2700
2211
2009
4515
122
3070
123
2514
5813
124
5512
1404
1570
2048
1383
2526
2179
125
1627
126
3096
3706
3825
5220
127
3818
3202
128
4806
129
4
2
1
3
130
131
3044
3256
3474
3117
1985
4704
4613
132
5903
4627
4657
133
1984
2501
134
2883
4160
5563
135
5085
4692
5504
136
1318
1917
3110
1719
5461
137
3960
3388
3925
5925
5552
4659
5074
138
2026
139
3687
140
2675
3456
5136
2
3528
141
2920
3796
4492
142
4419
4791
5765
143
2962
5799
2120
1235
3120
3886
144
145
3574
1309
2747
4188
1979
146
4805
4105
3903
5296
4332
147
2112
2343
2161
5340
2355
3097
2332
4297
4941
3196
5406
2442
2007
4000
5923
5100
5272
148
5736
1457
2728
2413
4888
2966
149
5729
5515
150
3496
4631
151
152
5588
2327
1626
153
2101
3738
4011
154
2496
5091
5831
2492
5362
4110
155
156
157
158
1675
3545
5698
1
2
1997
4
1360
3739
159
3826
3529
2089
160
161
5556
4149
2375
162
5055
3058
5769
4501
5542
163
3
2369
2273
164
2647
165
1744
4253
4473
3259
3789
166
5975
167
1549
1535
2607
4886
4391
168
169
3555
4346
4780
5598
5616
5056
3302
4946
5579
2724
1820
2386
2942
4351
2799
2865
2222
1510
4194
4942
2870
4256
4022
170
5700
5087
5286
4662
5597
4724
1236
171
2238
2
4876
172
173
3869
174
3494
4236
1740
3972
4538
175
176
3257
5637
5719
3794
4355
4120
177
4280
4889
5054
2959
3060
3812
178
3130
2480
179
2879
1891
4503
180
4057
181
3378
2950
3937
4726
2503
4711
5818
4004
5953
4164
2
2220
2801
4216
3
1
4
2
2
2199
182
183
3223
4243
3115
184
4446
5418
3477
4306
4070
5832
185
1671
186
1330
1545
4213
2302
187
4265
2975
188
189
4541
5827
4638
2444
5358
1941
4596
190
191
3806
5656
192
3015
3803
5796
5009
4664
5248
1756
1757
2341
2701
1438
3629
4132
3613
193
4516
3195
2241
4720
1528
1492
194
3095
195
2824
4376
2699
5095
1826
5409
4758
3537
2910
2186
3357
196
2860
5433
4367
2833
5374
3102
4495
4761
197
5691
4202
198
2798
199
200
4677
3219
3909
3598
4287
5787
1799
1373
1776
2428
201
1431
202
203
2200
3557
3021
4067
204
5931
3166
5331
2695
3236
3463
205
3774
1994
1380
206
3676
1
4
1612
2
4348
4284
3065
3
4839
207
3103
3568
2152
4552
5627
3192
4298
3122
1420
208
2144
3685
5360
3646
2419
5912
5261
5777
3533
209
210
1396
1534
3136
3871
2844
211
5750
5463
5823
2550
4642
2135
2000
3035
2864
4911
4700
2315
3602
5545
5642
212
4909
4644
4593
2660
2
1423
5497
5202
213
2912
3760
214
3495
3523
4820
4171
5733
1377
1837
1605
215
3820
4485
5154
3735
4848
5855
5308
3918
4948
5458
1409
4408
2732
4879
216
217
218
4229
219
5283
4282
2932
5279
5860
220
3954
221
5908
1595
3154
2791
2
3419
3748
2564
4809
3847
5630
5807
222
223
224
4756
3897
225
4964
4
1
3
2
4
1673
2418
3511
3882
1924
2
2368
1255
3119
2271
5321
2438
226
227
228
1990
5854
5858
5826
2320
5741
5939
5986
5772
229
2156
2364
1496
230
1616
3615
2018
231
5192
3377
232
3915
5008
4904
4619
4412
3913
1710
5361
233
1425
2793
1867
5233
3362
234
235
1973
5536
4769
3986
236
5469
5877
4452
2927
237
1568
238
1782
3290
4546
4821
239
3931
5857
4723
3594
2002
2946
5177
5110
5848
4555
5269
240
241
242
4323
3182
4703
5814
4995
5959
243
244
245
4483
246
247
3591
1747
2071
248
4405
3830
4183
5808
3157
1898
5432
2944
1965
249
2489
2471
3184
4219
4947
4862
5829
5053
4283
4371
3050
250
251
5252
5755
1816
1514
3
4
1685
2
3159
2543
1
2582
4197
5003
252
1401
3016
4046
4701
4397
4661
2126
3949
1261
1942
2640
1584
1963
253
2473
254
4142
4453
5672
4295
5280
1371
1708
1823
2189
4887
4681
5393
5060
5955
5015
255
1278
4299
5636
1266
1751
4133
1291
256
1889
5080
4672
4264
5439
2376
5916
2237
257
1738
258
3429
1225
259
3503
260
3186
2925
2714
261
262
5892
263
5483
5304
264
5577
2193
3229
3740
2591
1953
5440
4249
265
4398
2028
3232
5873
5725
4783
4517
1319
266
5148
4606
4687
4178
2171
5385
4078
2045
1944
1749
267
2100
2264
1618
268
4885
3515
3634
269
4175
3921
3836
3448
270
5293
2195
3307
271
3030
2394
272
4
2
1966
3
2072
1449
1
3901
4107
2580
4326
2677
273
4019
5578
2698
274
5582
4434
1567
1480
275
2127
5118
1298
2017
4752
2991
276
277
2505
4801
4143
278
1577
3434
3861
279
1912
1771
2707
4502
3275
4668
4755
5399
5263
3711
5919
280
5658
4436
3180
1866
281
1447
4258
2001
5013
2183
5178
5036
4954
3976
1886
1512
282
2491
1916
4293
2373
3399
3427
4568
5666
3424
4521
5227
1932
1625
1774
283
3109
2
5206
2010
2809
284
5117
4932
5050
285
2878
2813
3895
1596
2697
4464
286
2985
2868
287
5102
5484
1590
2151
1238
1851
1968
3432
4041
2782
2636
3701
5030
5058
3294
5089
288
4895
289
4
3
1930
4
2
1
1727
3981
2921
2679
1374
3440
3228
2761
2893
2283
2
290
291
3455
3899
3809
292
293
4915
294
5160
295
4129
5722
1810
3630
5212
2917
4855
296
1350
5073
4565
3941
3684
3451
5517
5988
5042
1416
1479
2393
297
298
299
2023
3076
300
2184
3011
5879
5255
301
2025
3852
1581
302
1914
303
3137
1945
304
4274
3971
4881
1273
3859
5670
2744
5982
1356
305
2
1293
4007
306
2174
3922
2882
307
4937
4902
3532
308
3665
5183
3682
3844
5021
4575
5761
1482
5429
5759
3126
309
2538
1543
1684
2155
2391
4940
4614
310
5130
3411
311
4307
4776
2398
5648
1446
4558
2555
4033
5734
312
4688
2890
313
1231
3265
1926
2988
2
1
3
2019
4
1935
1895
314
3349
315
3855
3725
316
4257
4331
3974
317
5981
1705
2044
4359
318
319
2374
3749
4429
4770
320
4900
321
3624
3989
5365
4463
3843
322
323
324
4679
4347
4014
5159
1369
1582
1459
2371
2210
1337
2822
2509
3912
4269
3108
5590
325
4682
3054
4199
1364
2134
2615
3221
2952
1781
2859
2461
5390
326
5501
1715
2204
2259
3231
3031
1975
5380
3433
2053
327
5121
4166
328
4528
3539
4114
329
4649
330
4396
3737
3964
5065
2328
2069
3590
2997
3268
2346
1745
331
1666
5679
332
3261
5241
333
5843
334
5987
5564
1313
2250
2626
2221
2
335
1561
5106
5411
2903
5580
4836
336
1
2
4
3
337
338
339
1785
2345
1259
3487
4333
340
4520
341
4830
4294
342
1354
2339
2586
2851
2409
3892
3471
4819
4494
1448
1454
343
344
4728
4013
3607
4054
2902
4958
2110
3667
2770
4603
1833
4959
3334
3101
3169
4629
345
4460
5876
346
1258
1748
1758
2440
347
5558
1722
5115
4059
5029
4125
4892
2709
4457
348
1491
1770
2253
2850
3348
3604
4403
3082
2342
3906
5257
5898
5197
4708
349
350
351
1518
2452
1843
3385
352
1878
4604
353
354
5325
355
3516
5474
3679
3027
3792
2696
3321
3936
4138
4225
4088
5604
4533
356
2627
3296
1290
2
2663
2926
2379
3468
357
4738
2515
1635
2325
358
4141
359
3
1
2730
2
4
1254
1285
2235
4086
360
1731
361
362
3380
363
2600
364
4153
365
5602
366
5649
2062
367
1800
1724
1802
368
2076
369
2173
370
371
372
3245
5086
5802
373
374
5157
5683
375
4468
1488
1286
376
1987
2042
3072
1435
3639
377
2862
3111
1902
5131
5061
2
4925
378
5471
5238
4389
4096
379
2276
3010
5609
3647
1418
380
2901
1894
381
3
4843
4737
4440
5234
5704
4279
3282
5495
382
4366
3683
383
4271
5605
3588
1247
1750
2631
384
3263
385
5786
1516
1957
1615
2217
3888
2752
1746
3621
4420
3596
386
4586
4733
5467
4048
1540
387
1600
2145
388
1906
3520
3635
5989
2
3
1981
1351
4
2336
3149
1
1927
389
2705
2588
2084
5389
4377
390
2412
1451
3884
4493
4237
5281
1414
1962
3306
1863
3746
4478
391
392
393
4137
1569
394
4510
3778
3492
4647
4875
4637
395
2914
396
1593
397
2786
2231
4232
1504
1656
4788
2181
1791
398
4595
5382
399
400
401
4208
4719
4193
2272
402
3985
403
4531
4826
4600
2214
2585
2951
4792
5487
404
3733
3225
1537
3645
5783
3144
405
4870
2014
406
1854
3404
2037
407
2050
3240
2350
1256
408
2085
1840
4630
3507
4549
4598
3907
4099
3988
4977
5968
409
3359
410
411
2426
2628
3758
4318
412
2467
1642
2996
4953
3314
4582
413
414
2892
1836
3033
2087
1855
1468
4341
2064
3480
1734
3194
2005
3628
4967
2
3
2656
1288
415
2333
4
416
4209
3526
2608
3853
1
1674
1419
1946
2702
1714
4486
2905
3329
1228
3804
4173
417
4344
418
5109
4823
2149
419
420
1982
3403
421
4121
4894
422
5447
423
3274
3805
5956
4952
2358
424
2157
3633
2674
3383
2964
4032
4983
4082
3301
2578
5586
425
1830
1487
2449
3386
5005
5507
3162
2771
5176
1827
2806
1481
4049
3450
2262
5713
2999
4008
4951
5246
5405
426
3207
5859
427
2542
1986
3002
1619
2624
2651
428
2493
2897
3273
4247
429
430
431
4624
432
5732
4275
1638
1777
1741
433
1947
3883
2577
3928
3372
434
5143
2934
2132
5830
5842
435
5244
3284
1305
1280
2
1
4
1556
3
4228
3822
1646
436
4471
5509
5400
437
5002
438
439
1427
440
2468
4146
441
2075
442
2466
2928
3741
2746
3587
3893
4458
5576
5224
5559
5569
5317
1565
443
2383
1879
4079
3944
2900
4094
3719
3810
2618
2411
4655
3288
444
5600
3824
445
5012
5139
4317
446
447
2176
448
449
1548
3351
1903
450
2074
4814
5099
3356
4300
4128
451
452
5274
4156
2898
453
2
1494
2521
2317
2843
454
5336
3020
3919
5221
3341
4580
4867
5905
4374
5415
5510
4678
4186
4961
2400
1737
1890
455
2948
456
1464
5392
3934
457
5151
3995
4784
4130
1276
1798
458
1958
1611
2191
3428
2
2887
4379
3215
3235
3692
3660
3297
459
3696
460
5337
4694
3
1
2
2762
4
4206
5309
3606
4781
3875
5845
5893
461
4829
2749
2169
1342
3013
462
2816
3178
1812
2601
3335
463
3582
4038
4831
2573
4658
4811
3431
4241
4764
5585
464
2099
2192
3611
2807
5260
5555
4314
4835
4395
465
5914
5169
5001
3717
4877
466
467
468
2129
469
470
2086
3608
3389
5027
471
472
3175
4553
1790
473
474
1554
2429
2569
475
4532
5500
3932
476
5551
5619
4542
477
4064
2372
1245
1764
2031
478
479
2
2725
3772
2753
4231
5092
4929
4793
4524
1317
2311
2285
2265
1686
1712
480
5229
2
4198
5404
3860
481
4760
5137
5980
1242
2139
2063
1557
2742
1546
482
5347
5273
2913
2
3025
3151
483
5776
3255
4475
484
1
2
1644
3
1613
4
3087
1530
3609
2196
485
3318
5153
486
1406
2070
2649
487
3969
5236
1466
2755
2382
488
489
4093
2919
5820
3816
5377
5187
2
1434
490
4169
3828
1815
1453
3094
491
4368
3174
5632
4103
5396
4018
5412
4466
2244
492
493
3393
5034
494
5276
2939
3727
2854
5583
1233
4803
1597
5082
2502
495
496
2936
3160
5289
1725
497
4002
4641
4450
2091
4477
2420
498
4933
4490
4950
3781
499
500
3510
3612
5790
5887
4312
501
1226
1882
502
2307
3371
2425
4685
4291
503
3345
4782
4812
1860
4612
5186
2620
2
504
2362
1630
505
3556
1562
506
3614
507
5069
508
4667
4601
3085
1343
5291
5868
2459
3467
5441
4
3
1
509
2
2559
4063
3081
4316
3283
1592
510
4402
4192
3438
511
3373
512
5593
1382
2463
2223
4083
2416
3544
4845
513
514
4732
515
3987
516
4715
2082
2717
1299
4124
4438
3691
5863
5427
5081
3724
5026
2319
4868
5952
5967
517
2
518
3854
5097
2614
2243
4152
2424
2102
4358
519
3382
4029
2
520
4794
521
4931
1392
1929
1395
3023
2617
2661
522
3242
2568
4418
2689
523
524
2
525
5865
526
5129
527
528
2123
3678
2185
4139
529
530
531
4410
4509
532
533
5969
3637
5318
2808
1663
2348
1387
3709
3840
4590
3779
2408
3077
5376
5146
1357
534
535
536
537
1307
2977
3238
2710
1825
1856
3
1
2
538
2713
4
2263
1640
1521
539
540
4725
4254
541
2648
3239
3559
5348
1227
542
2840
543
3417
544
2527
2575
3850
1788
2316
545
546
4016
547
4864
548
2162
549
2388
2508
3970
550
4963
4170
1601
2652
4181
4296
3730
3856
1977
4311
1641
2987
551
3123
1921
2596
4714
4572
552
3506
5419
4957
553
5249
5984
5727
3923
4508
1267
1707
1672
2188
1526
2884
554
3651
4072
2871
555
5673
2680
1303
1289
2233
3185
4162
3552
3360
2956
3668
2482
556
2829
5913
5323
3802
2032
4665
5592
5492
1222
1217
2255
1949
3627
557
1355
558
1655
3640
4851
3766
3124
5944
5250
3718
559
1529
1450
1739
2432
1849
4047
3708
3199
2448
560
3
1
1691
1509
2
3266
4
561
1405
5007
4150
3100
562
563
3008
1813
5631
5326
5775
4242
1216
2583
3767
3133
3914
3983
2981
564
3947
3499
2313
5739
4252
4874
1519
3610
2004
3435
4127
2
4255
565
2363
566
4863
5198
567
3214
5862
568
3244
2462
2
2
2245
1586
5489
2
5149
569
2599
4151
4898
4433
5591
2153
570
4334
3729
571
572
573
2832
574
5812
575
2380
1978
3414
2354
5228
576
5571
3074
5511
3332
577
5948
3887
578
3576
1271
2215
3313
2385
2027
1445
5072
3164
579
4534
5213
3827
5076
5059
5766
580
1444
4394
581
582
3118
2815
3723
5757
4239
583
584
3158
585
3247
586
2704
5819
1792
1841
1385
587
588
3965
3206
5383
5726
3
1287
2
4
589
3347
3946
3688
1541
1896
5242
2690
4986
3354
590
3252
2958
4912
2758
1
591
592
2694
3311
2396
2736
3566
5476
3863
2863
593
3777
3001
594
2765
2937
5071
3524
1938
1472
2861
595
2133
4777
596
597
5275
4893
5728
5846
3720
2630
1452
4200
4302
598
5909
599
3671
600
601
1922
1520
1503
1723
3147
2490
4330
3410
5481
4563
3211
3039
3129
5256
4666
4251
1292
2839
3353
1950
3757
602
2109
603
604
3
2819
3092
1974
4589
3183
605
3929
1349
3367
1334
2450
3808
2711
607
5518
4276
3397
5171
5270
3316
608
609
5928
1323
2384
610
2976
611
4504
5223
3430
5335
3161
2895
4914
3
2
4
1463
2834
1
1542
612
3156
2324
613
3567
2142
4217
5595
5891
5449
614
5724
1442
3148
3686
4853
4997
615
4303
5781
5950
5643
4512
4966
616
1359
1704
2347
2584
2548
3387
2855
4350
1332
2234
617
4789
4373
4707
5974
2249
4261
4386
3441
4230
5607
1347
1778
1999
2323
618
2929
3858
619
620
4545
5780
2718
3251
3761
4765
4051
1527
1375
3198
3839
2252
2314
3088
621
1887
2603
5144
2331
5190
4554
622
3819
5917
1842
1368
3037
2138
4717
2097
623
5371
5147
5668
1327
1426
1657
4205
3317
3920
2924
1478
624
3933
625
626
5506
2781
3253
5456
2
4697
1523
2665
627
1214
628
2309
2741
629
3295
1900
2268
1
3
4
1784
2
2079
630
4056
3012
1706
5282
2108
631
632
4646
5305
5503
633
3788
4189
5947
5491
1388
3067
2207
3421
3416
3210
4859
2125
5723
1803
1393
2739
3286
5373
4798
1250
5639
634
1329
635
2557
2581
1883
4727
1905
636
4315
637
3943
5821
5657
4550
638
639
4808
1517
1665
1500
1473
2242
5833
640
2869
641
3935
5838
4750
4413
5906
1253
5155
5979
1629
1294
2669
3143
642
3309
643
4472
5079
3896
644
645
4365
646
5874
5779
647
2666
2866
2592
648
649
3343
4362
3872
3616
4454
650
5752
651
3497
3276
2641
2335
3333
2437
3905
3234
4292
4427
5292
2275
2377
652
2321
2574
1828
3999
653
2
1
654
4
3
2497
2759
1407
4037
4817
655
4388
5165
656
4480
5537
2399
1632
2
2
4415
1910
5010
3116
657
658
659
660
1822
1735
661
5641
3619
4729
5182
2
662
663
664
2886
665
666
3849
2616
667
4785
2293
5882
3250
5720
668
5307
2198
4768
5368
4385
1589
2059
1662
3201
2476
3643
4349
669
4345
5659
3580
2206
670
671
4539
2036
1270
2716
3
2081
672
3452
673
1857
2532
3098
5264
5675
674
4168
675
5355
4584
5840
5695
5211
2041
676
3
677
3308
2531
678
3328
5473
3298
4618
5581
3768
1538
3068
3352
4987
3867
679
4994
3470
3811
5158
4108
3486
1483
2455
2114
680
1602
5638
5122
681
2720
5067
682
5584
2212
1587
3
2
4
1753
2227
683
1796
684
2961
2974
685
4872
3155
4735
4608
5901
686
5650
4190
2530
4815
1
4505
3517
4975
3106
687
688
3950
3330
5646
689
690
1310
1821
2
1991
2553
4674
5407
5784
3962
3227
4266
691
5730
4842
2486
4211
1703
2137
2488
2146
692
2300
5123
5172
5710
5682
1818
2849
4535
4570
5445
3817
5886
5505
5245
693
694
2750
695
2141
1302
3554
3807
1951
4573
4290
4449
696
4762
4414
697
2789
5949
1338
2395
2735
3135
1379
5550
2891
698
4390
3254
5740
5881
5940
5162
1795
1501
699
2785
4564
2706
700
701
702
3814
3834
703
5678
704
4860
4919
705
1701
2686
706
3224
1
2
1260
1607
4
2565
3
1679
3755
707
5785
2796
2297
3422
5744
708
5801
4074
5782
709
4896
710
5156
3402
711
1249
1599
2202
2757
2052
2122
3217
2274
712
3714
3732
5816
713
2
714
5687
1476
2708
1311
715
716
3237
717
3958
5596
2
1531
1783
718
2659
719
4522
720
5664
721
3845
722
723
5554
1306
3339
2837
3548
2431
2443
5253
724
1899
1574
1524
1424
1993
3488
725
5703
4749
5523
4556
2
1598
3677
2960
4742
4281
4491
3698
726
5615
4148
4651
4626
4878
4840
1661
5764
5620
1279
2306
727
728
3063
2619
1576
729
3659
3460
4381
3220
5424
5748
730
731
4891
5239
1559
1591
1283
3900
732
733
2953
4884
4847
2033
734
4934
735
5711
3910
1237
2
2414
2606
4
1495
3
2067
3355
3743
2805
1682
2923
2922
5466
4095
4771
5381
1651
5209
4636
5319
3405
3984
5562
1831
1314
736
2472
3842
4632
4214
737
2682
738
5414
4548
4045
3898
1
1428
739
740
2456
741
2389
3753
5541
742
4569
5019
3200
743
3622
744
745
3531
3406
4356
4650
1440
1702
746
3585
5217
4796
3664
5038
747
3564
2635
1872
748
4712
5688
749
2068
4607
2560
3953
4599
2511
4179
750
5853
4399
4210
5327
3750
4594
4989
1658
3848
3113
2629
5044
4430
5363
2931
4772
751
4921
2792
5603
2795
4938
5077
5763
5315
1296
2
3862
2517
1964
752
4910
5480
1936
2
2625
4609
753
754
1346
3028
2
1322
3
1617
2403
4
3648
5225
3340
3287
4462
5398
4581
755
756
2830
4277
757
1
1787
1544
2653
1564
2668
2970
3040
5384
5294
3663
2546
5288
4339
3632
4906
5104
758
5332
2203
759
3344
2831
1908
4500
760
3785
2280
5203
761
4551
3205
3125
762
763
5938
764
2873
2
3018
3003
4461
5375
765
766
767
3644
3535
5971
768
5918
1239
3603
1925
2566
2778
5237
2723
769
4795
2093
4633
2528
3716
5721
3762
770
4993
4907
771
772
773
2434
774
4135
3570
1919
2484
3331
2500
3114
4656
775
776
4748
4695
3917
5366
777
3369
1628
1594
1553
3190
4165
5572
3681
4775
778
5413
2401
779
780
1
4
3
2
1934
2748
1718
781
1367
1805
3493
782
3508
5508
783
2090
5663
1257
1631
2875
2261
2842
3838
2106
784
3787
3870
2
4451
785
5529
1694
2298
3502
3541
786
787
5266
4634
5189
4861
3299
2544
4802
5696
4757
5083
1786
788
2143
1869
2894
2290
3994
789
5644
4547
5754
790
3571
791
5983
792
1224
1421
793
1633
2475
794
3366
2410
795
5539
2678
2481
796
797
3967
1462
3193
2955
1683
2038
798
3022
1976
4799
5134
2158
2533
799
800
4778
3310
5514
1726
2111
1348
2439
4683
801
2613
4567
802
3626
5875
803
4272
1969
804
1563
3542
805
2
1846
806
3605
2140
5179
4337
807
2536
4001
2784
808
3578
5966
5624
3695
1277
3
2
1
4
809
3505
1789
2800
3795
810
2353
4259
2721
3514
811
5811
2609
812
1439
2308
1300
2022
2494
1498
1819
1648
5035
5401
4828
1232
1441
2477
1477
1793
1430
2436
3454
5589
813
814
4882
4976
4285
5707
815
816
1470
4411
3181
4134
4123
2256
4841
2777
2519
2164
2
4161
3500
817
3527
4578
5022
818
5216
819
5883
4375
3670
5900
3579
2464
820
821
2655
4031
3742
822
5621
5096
4696
5933
2756
3885
4988
1848
823
3249
1265
3216
2971
3209
3073
3952
1680
4372
3449
2719
5041
3090
4313
824
825
4968
3408
5231
4233
826
2535
2633
2073
827
2294
2541
828
3260
3536
829
830
831
4
2
1
3
2612
3518
3051
3047
1931
4837
832
4467
4857
833
2457
2047
834
3479
3469
835
4698
836
1711
1398
2945
837
838
3368
3134
3142
839
1858
840
1324
841
4525
5125
5200
1246
1835
2968
842
2248
3908
2688
5475
5665
843
5277
3394
4583
844
4709
4172
845
1623
2623
2645
1676
2754
846
5612
5173
4077
5809
4689
4962
5152
1230
2404
2
1688
2407
3212
847
848
4507
3513
3801
3831
2676
3560
849
3769
2284
2201
2692
850
851
2554
1560
1780
1263
2056
2
4262
3956
4571
2
4543
3864
4908
3581
1983
4690
5170
852
1507
3459
853
3246
854
3543
855
856
3546
2888
2096
5208
3693
5746
2277
857
1
2
1980
4
2637
2504
5653
5634
3168
2610
2182
858
5494
3669
4722
5837
3662
5708
3
2021
1460
1221
1893
2365
1955
4040
4484
859
3618
5867
1961
4955
5254
860
4866
5364
4383
861
862
5470
2595
863
2291
3832
3208
4587
5204
4409
3561
5626
864
865
2458
866
3756
2479
3091
2330
4145
2767
5403
3868
1484
1240
2478
2170
2166
867
4990
2965
3078
2556
5608
3975
5191
4913
5543
3000
5985
1880
1312
1766
2980
4097
1677
2766
2734
868
3672
869
4122
2769
4058
870
5547
4903
3342
871
5425
3793
4965
4880
2224
2986
2289
872
2415
873
2267
3996
4444
3770
5878
5436
4273
5907
4970
5078
3152
3327
4
2
1937
1
3
874
2427
3525
3879
875
876
3998
2726
1281
4813
2687
4361
3661
5093
1696
5004
877
1282
2083
1467
878
4736
2907
5762
879
880
2402
2387
881
2681
3172
3277
2836
5524
5915
4923
4999
2465
3721
882
4901
5712
883
1218
2790
1522
2454
3957
3267
3057
4335
1939
4766
3783
3889
5032
3138
1575
3565
3521
2213
4827
1670
884
3813
5690
5735
4185
1892
1490
1571
2812
2305
2571
885
4087
886
3391
887
1474
2562
888
889
2147
5014
890
5422
2495
4824
3784
5450
4062
5681
4561
1344
1996
3475
2121
4364
891
3363
2469
5421
5894
2061
892
5822
1274
1643
1971
1489
3029
2352
2
1
893
3
4
894
3472
2963
4939
4301
5048
4227
895
3007
5025
5184
896
3165
2646
3992
1948
2545
1681
1384
2258
897
5575
3400
5063
5789
4660
5114
1717
2549
3222
3597
2034
5428
3599
2020
4442
5685
898
3938
899
5864
900
4075
901
1361
3583
2978
902
903
904
2417
4482
905
4131
3880
906
907
908
5334
4278
909
4069
910
1583
1614
911
912
2989
913
3857
5062
5338
5386
5934
1865
1933
1252
3791
3285
3689
5899
914
915
916
2359
917
4992
2287
2229
3673
3617
4699
5793
5692
5871
918
3752
2673
919
3551
2783
920
3569
3465
2715
1335
1436
3426
2874
4469
5486
5941
5075
5594
1437
3132
1817
1
2
3
4
2662
921
1469
5468
2828
3763
4027
4576
2827
5856
922
1768
2006
1972
4226
1410
5553
5328
5488
5251
5709
3638
5961
5951
923
4212
924
4118
3436
3145
5669
4562
5745
2847
1874
1297
2938
925
2779
1551
3437
3874
4622
5356
4850
3744
2159
1897
926
4140
2278
3780
927
2570
4456
3375
4441
4816
5479
5806
4245
5478
1366
1928
928
1536
929
930
931
4024
4834
1502
5113
932
5527
5372
2990
5119
3326
2421
5839
3501
3457
5897
4406
933
5367
3458
4702
5330
5435
5756
4628
5000
1412
1859
3083
2731
4028
4981
934
4465
935
5199
5464
2835
4268
1378
1918
3461
2691
3
2
1664
3550
3620
2787
3046
4
1
936
937
938
5561
939
5651
5240
3726
5760
2344
1508
1352
1862
2051
2823
940
3979
4203
941
3649
3061
2590
942
943
3549
3291
944
1604
3485
1873
2
3823
1943
945
946
947
3279
5530
948
949
5945
950
5978
5936
5929
5387
2046
2658
1547
1408
3462
951
4670
5453
5138
4360
3300
4982
4248
5185
952
3978
4922
4852
1832
1345
1689
1215
2657
2269
2764
953
5135
2292
954
955
4428
5268
4424
956
1709
2392
957
3167
5105
958
4218
959
4370
2998
4869
5298
960
5972
1761
2506
961
962
1728
963
964
2
1861
1870
4432
3086
965
4147
3942
4117
5388
966
5654
1847
5477
967
3
1
2
2664
4
2763
2
2296
1432
968
4972
3071
1264
3655
5352
3636
969
2520
2029
3272
3026
2671
970
971
3601
1649
4645
972
973
3747
2
5188
4653
1566
5420
2957
4905
5402
3666
1558
1852
2638
2992
4260
5214
2024
3270
5516
4044
974
4119
3482
975
4928
5850
5181
3592
2131
1328
2915
5306
5329
2078
4126
976
4740
977
5528
4443
5702
4973
978
2039
2266
2797
2572
3443
979
2115
4459
3258
5599
2722
4897
2304
5810
5128
980
2423
1729
981
2858
1844
3509
1765
2326
3418
982
3829
4084
5127
5937
5459
983
5749
3264
984
4971
3179
3800
5052
1429
985
2015
4488
3997
3846
986
2190
987
5284
4328
3926
3553
988
5142
989
990
5667
2
3
1888
4
1580
3079
5124
1315
4873
3305
5498
991
3464
4238
5880
5322
992
993
5219
5964
4343
5751
4404
4960
4353
5716
5747
994
5267
1
1692
2
1381
2534
1732
3927
3269
2299
2634
995
5107
4751
3453
1622
2060
3241
3873
4787
4234
3694
4196
996
1713
997
1399
3653
2684
2889
4191
998
4527
2933
3176
4984
3069
5443
4585
999
1000
5526
1001
1002
2240
2370
1003
1956
3415
1004
4267
5046
2712
4470
4610
2738
5844
5544
1005
3370
1006
4774
4530
3623
1806
1772
2118
1759
3420
1695
2430
2453
2474
2103
4155
3358
1007
3005
5574
4369
1008
1009
3444
4648
5140
4574
4635
1493
1010
3390
4890
5226
3702
5970
2
4324
2498
4187
3
4
1295
1
2
1011
3736
1456
2460
2251
3197
3170
3032
5343
5889
4144
4625
1012
5674
4747
4654
1013
5455
5890
5112
1014
2
2057
2513
1814
3153
1015
1016
4310
3595
1017
1018
5804
5660
5926
2136
2049
1019
2598
1020
3722
2397
2094
1021
3323
1572
3674
1022
3350
1023
2
5302
5686
5533
1024
1550
2551
2802
1025
3712
5490
2848
4111
2737
5314
5120
4616
5351
5210
5320
4537
1241
1760
1779
2632
2130
1026
2180
4476
1027
1028
1775
5743
1029
1030
4865
5345
5017
1031
1032
5794
2760
5977
1920
1033
1034
3833
1578
2776
2208
3961
2226
2523
2367
2150
4996
5629
5437
5935
1035
1433
2216
1539
1871
4856
4526
1555
1036
4109
3656
3990
4899
2
1
1037
1654
2288
1809
4
1038
4710
3690
606
2867
3876
5628
3423
1039
2916
5444
1040
4065
5207
3
1041
1400
3478
3771
3395
2043
5194
1621
1042
5800
4980
5442
1458
4617
3699
2594
1043
3128
1044
1045
1046
3991
3977
4363
3697
5285
5835
4215
5525
1047
4652
2405
2885
1881
1048
1339
3489
2194
4991
5049
5243
5671
5617
3939
5570
1049
2814
1824
1365
2338
3191
3877
2529
4174
3504
5795
5218
5215
2605
1050
1051
1052
3731
5378
3705
3392
5684
5622
3289
2751
1532
1268
3262
4497
1053
3968
5680
3916
3759
1054
5175
4797
5023
1698
5357
5465
1475
1055
1056
1057
4944
3631
4640
5047
1058
3036
4591
3304
5557
1059
5957
1
2
2163
3
4
1868
1060
2
2954
1213
3790
2644
5976
2943
3466
1061
1062
5567
5714
1998
5652
1063
5301
5462
1064
1065
4223
3080
3104
5635
5346
1066
3911
5849
1067
3476
5341
1068
1069
3293
1533
1465
3188
3059
2941
2337
4207
1070
1071
2804
5546
5043
1072
3041
2775
3700
3213
3751
1808
4023
1073
5166
4342
5869
1074
5448
1075
2318
1885
3204
3024
2821
5310
4060
1716
4050
4176
5070
5196
5706
5180
1076
5057
5645
5339
3650
5884
1077
1078
2322
1954
1079
1415
3312
1620
2811
1080
3658
3447
4325
4592
1081
1082
3473
1083
5290
5872
5064
1721
1967
2054
1084
3320
1085
1370
1269
4759
3177
3866
1086
2357
5535
5731
3547
1087
1988
3
2
1461
1262
2270
4
4481
1088
4101
5825
5353
4320
4741
2794
1995
4949
5792
4076
3558
1229
1089
1
1850
2281
3379
1090
1091
3319
5815
2967
4979
1092
5391
2993
4201
1733
4513
1093
2209
4716
5930
3141
2
1094
5791
1095
4068
3713
3930
5103
1515
2040
2356
1096
2587
5587
4753
1097
5457
4246
1098
1099
3303
4745
4691
1100
4945
2642
1320
2378
1669
3412
2857
1552
5768
5020
2846
1101
5205
5932
4421
4357
5767
4620
4431
5247
5954
1913
1904
3089
1742
1372
3710
1102
1301
1103
4871
4511
4354
4224
4639
2817
1471
4487
2340
1104
5753
5417
5920
1105
4744
5973
5534
1960
2239
1106
2
2
1390
4918
2522
2
1
1107
3
1108
1653
3584
4
1109
4026
1767
4113
1397
2366
4154
4588
5758
4499
4322
1110
1111
3365
4676
1394
1112
2904
1113
1114
3398
3484
5299
4693
1115
1443
5788
5924
2055
4675
3140
1116
2
1637
1117
1403
4043
4304
2510
2058
5222
5416
1118
5573
1119
2247
3982
4790
5851
1120
1121
3337
5633
5496
2105
1952
1497
2433
2537
1736
1876
2576
3413
5676
4091
5101
1122
1123
2422
2485
4506
4705
1124
3562
3401
5460
1125
4924
3048
1126
5566
2774
2177
3530
2446
1127
3173
1128
5797
1129
4832
5601
5655
5946
5287
1505
3538
2516
2065
1499
1573
1130
2909
2611
3376
3233
1131
5111
4
3
1353
1333
2
1132
3835
4810
1133
1
4416
5836
3821
5116
2918
3442
5693
2826
1134
5472
4102
2230
5625
1135
2225
3017
4020
2539
5271
2113
4920
1391
1136
5520
5454
1137
3966
2260
5395
3107
1138
2740
5039
4518
3625
2972
1697
1358
2295
2733
2683
5715
1139
1140
5195
1234
3374
2167
4167
4005
1141
1142
3704
2441
1143
5773
5847
2218
5045
3280
1144
1145
1146
4329
1645
1839
1251
1699
1147
3782
3894
1148
1884
2303
4352
2602
3439
5235
3127
2349
1149
5610
4825
1150
1151
1794
1769
2117
1417
1811
2853
3034
2107
2088
1152
3573
5738
5397
5742
1153
1154
4182
4623
2178
2
2168
1155
1610
2
2896
2406
1156
5647
2
1
1909
4
2286
1606
1157
3
1158
2512
3445
3993
2982
2160
4288
3798
2845
4643
5098
3425
5278
5662
2825
1901
1763
2205
3776
3325
4393
1159
2098
3522
3483
4090
1160
4514
2589
5438
5164
5770
4010
5921
3837
5303
5960
1161
1162
1163
3336
1164
4426
4092
4319
2984
4338
5265
5911
4773
3902
4204
5519
3890
4916
1165
4286
1331
2254
2667
1326
3105
1411
1166
2334
1167
1168
2703
4804
4039
5311
4100
5024
1169
4163
3963
1272
1170
1171
5701
5370
4036
4846
2949
1801
3150
1172
1511
5446
5896
3381
4496
4400
4540
1173
1636
2012
3364
1174
1660
2947
1175
1176
1177
1178
5018
5817
5606
1179
2124
2852
1807
3042
1829
2881
3734
2
1
4
1308
2818
2622
3
2693
2876
1180
4017
2524
1603
3878
1181
4621
5258
4536
3248
4034
5369
4116
5193
5006
5798
5011
1321
2066
3064
4998
5037
2011
5084
1182
4605
4104
4195
3865
4021
4222
1183
4671
2008
3014
1911
1184
3498
1185
4985
2507
5016
5094
5613
2621
2768
1413
1834
4489
4177
2773
4035
4378
3271
4917
5694
2030
3764
4673
3881
4529
4978
4615
5295
2119
1186
1187
5312
3396
3226
5717
4544
3948
5333
3775
5426
4763
4417
1647
1188
1189
1690
3093
5538
1190
3540
4327
1191
1192
4439
5828
1915
2877
3851
1223
1525
2104
2670
1193
2930
1989
3973
4305
3004
3534
4854
4003
4435
4244
1194
5560
2880
5902
4042
5088
3
1
2
3045
1195
4
1316
4250
4098
5259
4718
3163
1196
2983
4818
4663
2361
5852
4221
4927
4159
1386
1275
1197
1198
5133
1199
4577
3490
5161
2973
3940
4559
3841
3056
5028
5493
4935
3904
5408
2899
5513
1244
1940
2593
3338
1200
3187
1201
2016
5699
5316
4779
5778
1202
3052
3099
4321
5927
3891
1363
1609
1203
1204
1907
4387
4883
2301
4447
5677
5611
4015
4849
2219
3586
4713
4220
4061
5430
4743
4479
4184
4754
2810
2035
1205
2643
2639
2745
2175
3680
4158
3409
2003
4425
5201
5485
4611
4602
5774
5051
2165
4943
1376
1206
1207
1585
2228
4423
4822
1208
1209
5548
5324
4380
5145
2872
5108
1210
1211
3346
1212
1588
4597
3171
