1
2
3
4
5
46
6
236
240
242
1
130
124
178
335
166
75
346
5
302
87
201
7
94
212
58
5
409
118
421
8
70
172
388
1
139
278
194
184
363
2
1
5
4
98
9
1
157
263
200
4
120
381
293
219
1
5
2
235
378
428
1
134
287
1
386
2
1
5
4
59
406
334
400
10
319
2
1
11
12
189
5
404
136
158
213
348
416
151
258
1
5
4
5
206
393
13
97
255
343
275
14
331
268
389
253
4
1
2
5
193
15
4
84
16
204
72
2
5
4
1
1
17
18
377
109
5
304
65
313
418
1
4
5
224
19
102
4
108
1
328
4
1
4
20
21
4
106
4
2
1
5
1
67
365
425
345
329
5
1
1
2
232
374
2
223
4
4
341
154
107
22
380
146
279
23
280
1
2
47
233
24
142
53
143
25
322
85
74
167
2
1
5
324
26
77
27
413
113
197
272
2
4
1
296
422
28
1
270
1
228
383
394
358
54
161
1
5
4
395
412
229
250
332
1
60
162
361
132
1
196
294
64
1
4
5
326
191
214
333
170
1
81
5
1
4
2
5
203
164
414
90
260
2
1
5
4
2
119
29
231
1
185
4
30
4
2
4
283
4
140
4
1
31
366
32
2
207
359
4
5
147
1
5
274
405
306
371
1
356
1
2
33
190
376
225
159
415
114
4
66
137
96
202
291
61
288
2
239
5
133
215
424
34
111
183
55
128
92
2
182
295
299
1
93
385
1
101
45
1
300
199
1
131
427
1
312
1
56
4
4
2
305
1
5
390
89
230
62
1
82
181
408
63
4
52
135
99
69
1
1
4
303
35
51
2
2
2
4
316
350
267
276
314
355
1
354
407
1
5
1
339
323
417
79
210
249
234
368
169
36
285
290
4
1
373
4
218
37
211
1
4
367
351
1
4
5
173
352
4
1
325
1
192
1
2
2
1
4
5
308
273
321
127
50
86
4
1
311
110
156
286
330
1
245
2
241
88
238
402
122
5
4
4
4
1
187
411
195
5
1
244
382
336
1
177
5
1
5
420
198
5
357
4
174
125
320
80
2
1
1
222
4
4
327
5
310
4
1
5
372
2
391
318
1
78
4
392
91
4
117
1
2
4
141
271
38
349
145
254
57
4
5
5
175
243
264
248
340
216
1
4
259
338
4
307
153
76
396
5
39
152
353
4
73
337
344
4
2
103
168
205
227
281
4
5
5
171
126
208
71
2
149
1
48
1
186
2
4
262
209
419
347
115
226
176
4
1
5
2
426
342
150
261
360
384
4
5
155
282
165
1
5
269
237
4
40
116
401
1
123
251
148
221
297
289
188
2
4
292
49
2
5
1
317
41
1
138
399
1
179
42
252
43
364
277
309
370
220
2
2
180
105
100
265
129
144
1
4
5
403
298
246
2
160
379
1
4
387
301
5
1
1
398
5
284
44
362
163
266
5
112
2
217
375
397
423
4
121
68
410
95
247
1
2
83
315
4
257
369
104
5
256
