1
70
2
38
60
117
3
1
2
3
57
4
5
96
178
2
1
2
50
3
4
31
87
1
2
3
4
30
45
81
71
67
1
2
98
59
1
2
72
1
2
103
167
129
75
133
143
1
2
6
36
115
148
1
2
163
171
74
3
139
1
2
4
127
73
28
153
3
1
2
101
3
78
84
83
1
3
2
4
65
7
138
1
2
53
114
108
3
132
79
1
8
4
2
80
111
147
1
2
9
149
1
155
2
51
123
4
56
89
145
1
2
4
44
126
144
1
2
150
177
46
3
68
1
1
2
3
165
174
1
2
10
3
11
92
116
121
52
1
3
2
4
113
97
160
141
1
2
3
179
4
27
1
2
168
4
3
137
12
105
131
1
2
58
54
158
4
3
1
2
181
29
76
4
13
40
1
166
2
4
110
42
170
14
2
43
15
120
94
49
3
47
16
2
4
151
173
1
2
164
1
2
122
85
4
1
180
86
106
2
4
130
1
2
169
37
17
102
61
18
19
1
2
109
162
4
1
2
172
77
128
1
88
2
3
104
55
99
1
2
20
4
112
91
1
2
118
82
62
1
2
176
3
125
1
2
69
34
33
152
1
95
2
4
41
1
159
66
2
35
100
93
3
142
1
2
3
154
64
1
21
2
22
32
136
23
4
1
2
3
63
4
24
157
1
1
2
156
39
146
1
2
25
182
4
1
2
161
90
134
4
3
16
1
2
4
48
175
107
124
140
1
2
135
1
2
119
26
