4.141260000000,2.477020000000
-3.395110000000,-3.317300000000
1.757730000000,1.595760000000
-1.561550000000,4.400030000000
-3.239700000000,4.311470000000
-4.551910000000,3.784120000000
-2.298770000000,-3.138870000000
-2.969840000000,-0.152510000000
-1.361080000000,-1.205820000000
-4.416980000000,1.552120000000
3.972140000000,-3.961000000000
0.665270000000,-1.613860000000
2.173090000000,-3.087270000000
0.831860000000,3.661550000000
-4.809410000000,0.632330000000
-2.577410000000,0.767270000000
-4.944340000000,2.864330000000
1.299130000000,-4.885590000000
0.374030000000,-2.213540000000
-1.628990000000,-1.816280000000
-0.499700000000,-4.012600000000
-2.978320000000,-4.538140000000
-3.104770000000,2.079480000000
-1.141300000000,-0.931670000000
-0.434860000000,-4.044150000000
1.881850000000,-3.686950000000
-4.024550000000,2.471910000000
2.464330000000,-2.487580000000
-1.792560000000,2.606840000000
0.296790000000,4.986340000000
-4.159480000000,4.703900000000
-2.103400000000,-2.736640000000
3.046820000000,-1.288190000000
-5.000000000000,-4.050190000000
1.486850000000,0.133800000000
-3.101500000000,-0.458760000000
1.573400000000,-2.796030000000
-2.184980000000,1.687050000000
0.705180000000,0.816370000000
-2.492910000000,-3.538660000000
-2.319420000000,-3.127450000000
-1.140190000000,-0.929160000000
-3.362440000000,-1.072720000000
-0.737840000000,-0.017580000000
-2.712340000000,2.999260000000
2.185280000000,-3.089120000000
-3.498090000000,1.163760000000
-1.265200000000,1.294630000000
-1.140650000000,-0.927080000000
0.041630000000,-1.315550000000
0.378100000000,-2.213460000000
-4.971530000000,-4.064200000000
-0.480350000000,3.134200000000
-4.363610000000,-2.823390000000
1.234080000000,-0.492200000000
-3.497190000000,1.159700000000
-1.648710000000,-1.803760000000
4.845870000000,-2.161940000000
2.671430000000,2.876700000000
-4.777370000000,-3.664410000000
0.439430000000,2.741770000000
-3.889620000000,0.239910000000
-1.492300000000,-1.499260000000
0.435040000000,2.742620000000
-3.885950000000,-2.340900000000
-2.378110000000,-3.284660000000
-3.108890000000,4.618070000000
-0.872770000000,2.214410000000
4.748790000000,-2.361830000000
-1.657630000000,0.374840000000
-3.172480000000,-4.937930000000
-4.282050000000,-0.679870000000
4.554630000000,-2.761630000000
-3.884220000000,-2.295680000000
1.093480000000,4.274740000000
-1.504140000000,-1.502690000000
-4.283660000000,-0.683660000000
-3.632130000000,3.391690000000
-0.345420000000,0.902200000000
4.841210000000,-2.160580000000
3.680900000000,-4.560680000000
4.141250000000,2.477020000000
1.757720000000,1.595750000000
1.751640000000,3.269130000000
1.261580000000,-0.427750000000
-1.359450000000,-1.202000000000
0.380010000000,-2.208930000000
1.299360000000,-4.886320000000
-1.561560000000,4.400020000000
-4.371820000000,-4.355460000000
-2.298740000000,-3.138760000000
3.046810000000,-1.288210000000
-3.886200000000,-2.300200000000
-3.362260000000,-1.072300000000
-1.496960000000,-1.505650000000
-0.087920000000,4.053980000000
3.372460000000,-3.669750000000
-2.456750000000,-1.498550000000
2.540620000000,2.570110000000
-1.353130000000,-1.201230000000
-1.361820000000,-1.196330000000
-3.372930000000,-1.058740000000
1.224290000000,4.581340000000
-4.809400000000,0.632340000000
-2.993040000000,-0.156040000000
1.852670000000,1.575810000000
1.496680000000,0.116290000000
-1.294380000000,-1.229020000000
-2.103390000000,-2.736610000000
-1.628920000000,-1.815950000000
-0.485160000000,3.207580000000
-4.500130000000,-2.040430000000
2.469120000000,-2.490210000000
-1.512430000000,-1.539340000000
-0.225790000000,-1.922990000000
1.773300000000,-2.893110000000
4.141210000000,2.475730000000
-3.480920000000,-4.047000000000
2.100470000000,4.086710000000
-3.885170000000,-2.298300000000
-4.009020000000,-0.072990000000
1.368400000000,-4.894970000000
1.495310000000,0.116910000000
2.144080000000,4.188840000000
-3.702340000000,-4.671630000000
-4.089980000000,-2.210790000000
0.064390000000,-1.325090000000
-1.492230000000,-1.499360000000
0.304500000000,4.973760000000
-1.561540000000,4.400020000000
1.757750000000,1.595720000000
-3.395110000000,-3.317310000000
4.149290000000,2.478500000000
-4.574620000000,3.785170000000
0.374010000000,-2.213530000000
-2.050050000000,-0.544940000000
2.144070000000,4.188910000000
1.219580000000,-0.489980000000
-1.629140000000,-1.816180000000
-2.298750000000,-3.138870000000
-1.496360000000,-1.505460000000
-0.305530000000,-3.612810000000
4.571820000000,-4.252240000000
-4.156800000000,-2.895290000000
-2.184950000000,1.686980000000
-4.160420000000,-2.902670000000
-1.099380000000,-3.721350000000
2.445470000000,-0.999850000000
1.261620000000,-0.427660000000
-3.100640000000,-0.459110000000
-1.651980000000,-1.806350000000
-4.028330000000,2.464480000000
3.035310000000,-1.275650000000
-4.966670000000,-4.058290000000
-1.359440000000,-1.201990000000
1.494160000000,0.117360000000
-4.959790000000,-4.043010000000
-2.458840000000,-1.498440000000
1.523190000000,0.185500000000
-0.607030000000,0.289010000000
-4.703080000000,-1.949850000000
2.058240000000,3.138320000000
-2.988120000000,4.926250000000
0.047010000000,1.821990000000
-2.395920000000,-3.338720000000
3.954940000000,-2.470380000000
-3.898720000000,-2.361800000000
-1.141640000000,-0.932540000000
-4.966590000000,-4.066180000000
1.751650000000,3.269130000000
-3.501320000000,3.698280000000
-3.352670000000,-1.076240000000
-1.649110000000,-1.807420000000
-4.376930000000,-2.852420000000
0.632920000000,-1.680490000000
4.141260000000,2.477000000000
1.757740000000,1.595740000000
-4.971520000000,-4.064200000000
-3.901290000000,-2.332200000000
-1.626970000000,-1.812160000000
-1.494740000000,-1.509020000000
0.633010000000,-1.680530000000
4.748750000000,-2.361870000000
2.667550000000,2.874630000000
4.571830000000,-4.252240000000
4.144210000000,2.476440000000
-3.890270000000,-2.340630000000
-1.493130000000,-1.498890000000
-4.389170000000,-2.860630000000
1.225670000000,4.580370000000
-0.230180000000,-1.932000000000
-4.354260000000,-1.132270000000
-4.951460000000,-4.012680000000
-4.021560000000,2.468890000000
1.864660000000,-2.196330000000
-3.883970000000,-2.295840000000
-1.629790000000,-1.819240000000
-1.391270000000,-4.330060000000
-3.772160000000,-4.646680000000
1.978930000000,-3.487060000000
-2.989240000000,-0.170910000000
3.338460000000,-0.687710000000
-4.680290000000,-3.464510000000
3.330650000000,-0.684930000000
0.699680000000,-4.595080000000
2.772770000000,-3.378510000000
-0.922240000000,2.109190000000
0.083930000000,-2.815050000000
1.493520000000,-4.486530000000
0.179870000000,-2.613330000000
-3.059790000000,1.335480000000
-1.561550000000,4.400040000000
1.757730000000,1.595730000000
-2.104590000000,-2.739080000000
1.065550000000,-0.792380000000
-2.969840000000,-0.152520000000
0.374310000000,-2.213670000000
-3.885430000000,-2.298830000000
-3.877550000000,0.206270000000
-1.129810000000,-0.933560000000
-3.890770000000,0.240480000000
0.439440000000,2.741770000000
0.699580000000,-4.595130000000
-2.881240000000,-4.338240000000
-3.396800000000,-3.317650000000
-1.628990000000,-1.816290000000
-0.480940000000,3.134470000000
-4.471820000000,3.729190000000
-3.104730000000,2.079960000000
-1.141670000000,-0.932500000000
-1.268620000000,1.292620000000
4.246180000000,-1.870700000000
-4.945190000000,2.861270000000
-4.703070000000,-1.949800000000
-1.699260000000,0.395180000000
-1.512440000000,-1.539340000000
-3.883950000000,-2.295800000000
-0.208450000000,-3.412910000000
-2.297020000000,-3.143660000000
-0.726630000000,0.000410000000
-1.496730000000,-1.506290000000
3.047610000000,-1.286570000000
-0.516900000000,-2.521980000000
-4.373050000000,-2.844420000000
-1.129990000000,-0.937480000000
-3.168390000000,-4.929240000000
1.231270000000,-0.491120000000
-3.464460000000,-1.028690000000
3.339230000000,-0.686180000000
-1.209900000000,-0.903400000000
0.082790000000,-2.813230000000
-3.396000000000,-3.301650000000
4.141250000000,2.477030000000
1.757730000000,1.595740000000
-3.395110000000,-3.317290000000
-4.113640000000,-2.806440000000
3.972430000000,-3.960880000000
2.173760000000,-3.087940000000
-1.560950000000,4.399080000000
1.494210000000,0.117490000000
-1.360970000000,-1.205820000000
3.777980000000,-4.360790000000
0.973710000000,-2.504910000000
-2.969640000000,-0.153150000000
-3.873760000000,-2.301060000000
0.643500000000,2.654750000000
1.590600000000,-4.286640000000
0.665290000000,-1.613850000000
-3.898820000000,-2.361760000000
-4.965230000000,-4.063660000000
2.445930000000,-0.999440000000
-2.440760000000,-1.427750000000
0.375340000000,-2.209200000000
0.363830000000,-0.735490000000
-4.095800000000,-3.744020000000
-4.652520000000,3.836050000000
3.340430000000,-0.683620000000
-3.095500000000,2.101970000000
-1.290730000000,-1.230890000000
3.988230000000,-3.968800000000
-0.225650000000,-1.922300000000
1.065220000000,-0.792440000000
-2.038700000000,-0.549780000000
3.968550000000,-3.968220000000
-2.579240000000,-3.737280000000
-3.885150000000,-2.298300000000
-2.487450000000,-0.720720000000
0.661680000000,-1.621260000000
-5.000000000000,2.885360000000
2.789970000000,-4.869120000000
3.971440000000,-3.959830000000
1.757750000000,1.595740000000
4.141270000000,2.477000000000
-1.561560000000,4.400010000000
-4.365590000000,-2.821680000000
0.048630000000,1.825630000000
-1.824040000000,-0.644910000000
-4.159490000000,4.703890000000
-4.571740000000,-4.258360000000
-2.460260000000,-1.495910000000
-2.396790000000,-3.317040000000
-2.186600000000,1.686320000000
-3.098960000000,-0.445880000000
1.299990000000,-4.883620000000
-1.409960000000,-1.309520000000
-3.362260000000,-1.072280000000
4.246190000000,-1.870690000000
-4.954300000000,-4.073720000000
0.831480000000,3.661380000000
-0.790940000000,-4.612280000000
2.462430000000,-2.488570000000
0.034440000000,1.825210000000
0.364520000000,-2.232900000000
-1.209640000000,-0.902620000000
-3.891670000000,-2.309690000000
1.234360000000,-0.492320000000
-1.651550000000,-1.806240000000
2.171990000000,-3.086910000000
-4.245310000000,3.653310000000
2.671440000000,2.876690000000
-0.099900000000,-4.206760000000
0.341670000000,-2.280170000000
-3.933840000000,-2.316890000000
-4.092620000000,-2.249360000000
3.971460000000,-3.963370000000
4.130200000000,2.491160000000
-3.395260000000,-3.317230000000
1.757750000000,1.595760000000
-1.626720000000,4.332530000000
-2.577370000000,0.768790000000
3.046480000000,-1.275840000000
0.374060000000,-2.213540000000
4.141260000000,2.477010000000
-4.979910000000,-4.057060000000
-1.352000000000,-1.210990000000
2.447130000000,-0.996970000000
0.310190000000,5.000000000000
-4.376390000000,-2.853410000000
-1.209760000000,-0.903470000000
1.260920000000,-0.426980000000
1.292820000000,-4.898570000000
-4.806650000000,-1.905810000000
-1.140190000000,-0.929150000000
4.166300000000,-3.561210000000
1.620840000000,2.962530000000
1.499640000000,0.122940000000
-4.366600000000,-2.818660000000
1.263210000000,-0.423920000000
-3.078030000000,-1.195820000000
-1.406150000000,-1.300820000000
1.181200000000,-0.611020000000
-4.805290000000,-1.906260000000
-3.004580000000,-0.143740000000
-4.367080000000,-2.819580000000
-1.521560000000,-1.539970000000
0.662360000000,-1.615640000000
-1.513390000000,-1.540790000000
-0.735650000000,-0.018610000000
-1.656650000000,0.373920000000
-4.386810000000,-2.841320000000
-3.725940000000,-3.074690000000
0.632980000000,-1.680520000000
-1.141390000000,-0.931630000000
3.138160000000,-0.591450000000
-4.704900000000,-1.942780000000
-2.050060000000,-0.544940000000
2.911650000000,-1.554170000000
1.234060000000,-0.492200000000
-1.629360000000,-1.817010000000
-0.499140000000,-4.011450000000
1.757750000000,1.595780000000
4.141250000000,2.477000000000
-1.362360000000,-1.206300000000
1.851180000000,-0.716690000000
-3.883600000000,-2.295000000000
1.573130000000,-2.798930000000
0.899570000000,-4.692160000000
-3.887100000000,-2.302440000000
-4.519060000000,3.890850000000
1.589150000000,-4.288100000000
2.447120000000,-0.996960000000
-1.496740000000,-1.506280000000
-4.971550000000,-4.064190000000
-4.965250000000,2.875960000000
-2.331110000000,-3.205500000000
0.640110000000,-1.665680000000
-3.152490000000,4.515870000000
-1.290930000000,-1.231200000000
-3.870390000000,-2.305560000000
-1.629030000000,-1.816250000000
-4.381860000000,-2.850020000000
-3.394780000000,-3.316100000000
-1.359460000000,-1.201980000000
-3.852890000000,4.573090000000
-1.597790000000,-1.750000000000
2.076010000000,-3.287160000000
-1.561540000000,4.400010000000
1.757750000000,1.595730000000
-3.171960000000,-4.938190000000
3.046840000000,-1.288210000000
-3.395120000000,-3.317320000000
1.232440000000,-0.495810000000
-3.889620000000,0.239920000000
2.755570000000,-1.887900000000
3.045860000000,-1.287460000000
1.261690000000,-0.427620000000
-3.583030000000,0.109100000000
-1.624700000000,-1.813130000000
-1.099390000000,-3.721350000000
0.107110000000,-1.349190000000
-4.160390000000,-2.902680000000
0.430030000000,2.733990000000
-0.749200000000,-0.012740000000
-3.168870000000,-4.940940000000
-1.833720000000,5.000000000000
-1.494060000000,-1.506900000000
-0.305570000000,-3.612820000000
-4.941650000000,-3.998010000000
0.773820000000,-2.407700000000
-4.362660000000,-2.823060000000
0.377650000000,-2.210590000000
-4.367160000000,-2.819620000000
-1.090230000000,-1.666230000000
-4.173860000000,-4.286900000000
0.302180000000,4.970980000000
-3.100650000000,-0.459110000000
-4.020430000000,-0.066680000000
-3.210380000000,4.296170000000
-2.590570000000,-3.741550000000
-1.361290000000,-1.205820000000
-4.376710000000,-2.852840000000
1.757570000000,1.597920000000
1.321570000000,-4.880900000000
1.544460000000,0.188510000000
-1.629420000000,-1.817000000000
-3.395120000000,-3.317310000000
-3.239620000000,4.311490000000
-1.264440000000,1.295790000000
1.299800000000,-4.886590000000
-1.561540000000,4.400030000000
-1.209780000000,-0.903500000000
2.168000000000,-3.087680000000
1.234430000000,-0.492180000000
-1.498510000000,-1.505030000000
0.454470000000,-0.526280000000
-3.057040000000,-0.356910000000
-1.290900000000,-1.231110000000
-3.172460000000,-4.937930000000
1.233750000000,-0.497420000000
-1.646510000000,-1.801310000000
-4.364930000000,-2.857890000000
1.261650000000,-0.424200000000
-1.496650000000,-1.505980000000
-0.605710000000,0.289180000000
0.665280000000,-1.613850000000
-2.589990000000,-3.738560000000
3.975910000000,-3.960800000000
-0.081010000000,4.060210000000
-1.628980000000,-1.816280000000
-1.559930000000,4.402110000000
-2.914380000000,-4.404430000000
-1.626680000000,-1.814060000000
1.523220000000,0.185480000000
-3.396060000000,-3.317770000000
-3.884230000000,-2.295700000000
3.971060000000,-3.962560000000
-1.619370000000,4.364450000000
-1.358610000000,-1.202820000000
-3.355520000000,-1.060640000000
-3.869240000000,-4.846580000000
-3.898630000000,-2.361670000000
-1.141640000000,-0.931450000000
4.141270000000,2.477010000000
1.757760000000,1.595730000000
-4.990050000000,-4.062980000000
-1.212770000000,-0.902450000000
-1.359060000000,-1.196810000000
-1.632150000000,-1.809430000000
-4.773150000000,-3.655810000000
0.699680000000,-4.595070000000
-1.146580000000,-0.938350000000
3.180640000000,4.069290000000
-0.291410000000,-4.135610000000
-1.338090000000,-1.330220000000
0.033230000000,-1.389250000000
3.338060000000,-0.688530000000
-4.159470000000,4.703900000000
-1.198400000000,-0.908300000000
-0.500800000000,-4.012310000000
2.013260000000,3.882320000000
-1.129330000000,-0.937400000000
-0.208500000000,-3.413040000000
-0.808140000000,-3.121670000000
2.133690000000,-0.113900000000
0.661730000000,-1.621120000000
-2.425610000000,-1.425370000000
-4.160880000000,-2.901330000000
-1.364700000000,-1.205310000000
-4.178020000000,-2.938980000000
-1.147600000000,-0.926480000000
3.974730000000,-3.956410000000
0.099990000000,-4.303840000000
-4.158550000000,4.703490000000
-1.520640000000,-1.537380000000
-3.100640000000,-0.459090000000
-1.683990000000,-1.872840000000
1.234430000000,-0.492170000000
-4.548190000000,-2.851340000000
-3.395110000000,-3.317320000000
-4.279910000000,-0.681120000000
-0.345470000000,0.902090000000
-1.494170000000,-1.507060000000
0.574370000000,0.509780000000
0.746030000000,2.610960000000
3.338470000000,-0.687710000000
-4.416840000000,1.552050000000
-2.493110000000,-1.562430000000
-4.530520000000,3.817960000000
-0.737560000000,-0.017700000000
4.052020000000,-2.270490000000
-2.712100000000,3.000400000000
-1.559770000000,4.328470000000
-4.282060000000,-0.679860000000
-3.667510000000,-1.787670000000
-1.497260000000,-1.505670000000
-4.419180000000,1.554490000000
-1.898930000000,-3.333050000000
3.330800000000,-0.684660000000
-3.889460000000,-2.338840000000
-1.265210000000,1.294630000000
-1.178590000000,-0.954000000000
0.633600000000,-1.678490000000
4.244570000000,-1.866890000000
-2.104460000000,-2.738840000000
-2.460230000000,-1.497120000000
1.301340000000,-4.884270000000
-4.958470000000,-4.053310000000
0.299890000000,-4.400920000000
-3.901140000000,-2.333070000000
-2.981190000000,-0.147670000000
2.175020000000,-3.081130000000
-3.884230000000,-2.295680000000
-3.543990000000,-3.159160000000
-4.367470000000,-2.820440000000
-2.183680000000,-0.860300000000
-1.216560000000,-0.948140000000
1.757740000000,1.595730000000
-3.395120000000,-3.317300000000
-1.561550000000,4.400020000000
-4.090310000000,-2.210980000000
1.758340000000,1.592890000000
1.759990000000,1.601380000000
-1.629010000000,-1.816470000000
-2.298180000000,-3.139910000000
-4.551460000000,3.784070000000
-0.360860000000,0.882500000000
-0.899490000000,-3.818440000000
1.234370000000,-0.492310000000
-1.132960000000,-0.922550000000
-0.495120000000,-4.015040000000
-1.651430000000,-1.806220000000
1.237900000000,-0.489580000000
-4.703420000000,-1.961730000000
-4.158040000000,-2.897850000000
-1.359460000000,-1.201970000000
-2.450020000000,-1.473040000000
-2.971170000000,-0.151760000000
-1.496610000000,-1.506000000000
-2.049830000000,-0.545000000000
-1.022860000000,-1.535130000000
-2.185530000000,1.688790000000
-0.760550000000,-0.007890000000
3.046820000000,-1.288210000000
-3.751680000000,-1.992130000000
3.043790000000,-1.308840000000
-1.494840000000,-1.505220000000
0.632750000000,-1.681020000000
4.842880000000,-2.171890000000
1.758890000000,1.591990000000
-1.648150000000,-1.809150000000
-4.282190000000,-0.679810000000
-3.164150000000,-4.942580000000
-3.886880000000,-2.301630000000
-3.239720000000,4.311470000000
-3.361950000000,-1.072170000000
-4.960910000000,-4.065050000000
3.486740000000,-4.960470000000
0.375210000000,-2.211120000000
-2.428790000000,-1.431870000000
-3.884800000000,-2.295530000000
-2.296750000000,-3.131450000000
1.234090000000,-0.492190000000
3.663700000000,-3.070070000000
0.368650000000,-2.211640000000
-4.376440000000,-2.852800000000
-3.191890000000,-4.937740000000
-2.039870000000,-2.605820000000
0.380540000000,-2.207350000000
-4.367050000000,-2.819520000000
1.566160000000,-2.798850000000
1.626500000000,0.423680000000
-2.456850000000,-1.498400000000
-1.494060000000,-1.506910000000
-2.447600000000,-1.474590000000
-4.931300000000,2.862270000000
0.632920000000,-1.680500000000
0.697940000000,-4.594540000000
1.507650000000,0.115680000000
0.374000000000,-2.213520000000
-4.973280000000,-4.053420000000
2.166440000000,-3.090130000000
-1.209770000000,-0.903490000000
0.617630000000,0.608410000000
-4.378570000000,-2.864160000000
-1.160650000000,-0.928860000000
4.971620000000,-4.446400000000
-3.905110000000,-2.358640000000
-0.173750000000,3.003390000000
-2.272190000000,1.482660000000
-4.371850000000,-4.355440000000
-1.406890000000,-1.302550000000
1.261650000000,-0.427740000000
-0.087940000000,4.053970000000
-1.138350000000,-0.930870000000
0.044340000000,1.815100000000
0.665250000000,-1.613830000000
-3.883930000000,-2.295030000000
-1.130030000000,-0.936920000000
-0.225680000000,-1.922330000000
-0.500710000000,-4.012190000000
-1.358260000000,-1.202510000000
2.025320000000,3.903150000000
-1.513760000000,-1.542790000000
1.495410000000,0.116830000000
-1.366380000000,-1.197690000000
-3.151170000000,-4.897800000000
-1.561530000000,4.400020000000
-3.362260000000,-1.072290000000
2.173100000000,-3.087280000000
0.830690000000,3.656030000000
-3.395100000000,-3.317310000000
-5.000000000000,-4.053620000000
-2.050020000000,-0.544950000000
1.235730000000,-0.493740000000
-0.693860000000,-4.412390000000
-4.809270000000,0.632360000000
4.554630000000,-2.761620000000
1.494170000000,0.117400000000
-2.301210000000,-3.134880000000
3.045310000000,-1.287470000000
1.495770000000,0.121140000000
-1.650380000000,-1.803750000000
-3.361690000000,-1.060610000000
-1.584590000000,-1.837640000000
0.041380000000,1.822400000000
1.751630000000,3.269130000000
-1.292650000000,-1.230480000000
-3.910210000000,-2.356180000000
-1.504190000000,-1.502660000000
4.813570000000,-2.228600000000
3.907420000000,-4.094260000000
0.310150000000,4.974550000000
-4.949960000000,-4.019780000000
1.788750000000,-2.901460000000
-0.606990000000,0.289010000000
0.414990000000,2.715750000000
-1.627200000000,-1.812620000000
3.046780000000,-1.288230000000
-4.582940000000,-0.537720000000
-4.100890000000,4.558100000000
0.350730000000,1.692210000000
0.117440000000,-1.347430000000
4.263390000000,-3.361310000000
-2.019880000000,-0.524130000000
-2.576190000000,0.753430000000
1.757750000000,1.595750000000
-0.502390000000,-4.011870000000
0.373860000000,-2.219180000000
-4.945170000000,2.864530000000
-0.499660000000,-4.012570000000
-1.139960000000,-0.932170000000
-1.661980000000,0.373140000000
0.766760000000,-1.749480000000
-3.303510000000,-4.872420000000
-4.377440000000,-2.843020000000
-3.685220000000,0.152710000000
-1.360150000000,-1.206240000000
-3.904090000000,-2.368330000000
-3.878280000000,-2.304610000000
-4.022600000000,2.474260000000
1.138460000000,3.530740000000
-4.381920000000,-2.850120000000
0.633100000000,-1.680580000000
-1.652150000000,-1.795460000000
-1.131220000000,-0.937320000000
1.234120000000,-0.492140000000
-3.902340000000,-2.368930000000
0.571840000000,0.510850000000
-4.181930000000,-2.965420000000
-1.290220000000,-1.237530000000
-1.359160000000,-1.202100000000
-0.499800000000,-4.007810000000
1.583380000000,-4.282890000000
-0.045700000000,-1.037690000000
-1.627340000000,-1.812660000000
-4.373330000000,-2.845010000000
-3.368080000000,-1.080920000000
-1.143650000000,-0.929800000000
-4.367460000000,-2.820390000000
-4.971400000000,-4.063920000000
-0.738290000000,-0.020030000000
1.756550000000,1.594970000000
-3.411360000000,2.210290000000
-1.651560000000,-1.806320000000
4.834100000000,-2.185730000000
-4.971620000000,-4.082010000000
-2.327840000000,-3.204300000000
0.374060000000,-2.213490000000
1.593660000000,-2.807660000000
-1.130280000000,-0.937360000000
-2.306150000000,-3.135270000000
-2.562740000000,0.788330000000
-1.658800000000,-1.817090000000
0.065590000000,-1.322740000000
3.047330000000,-1.287390000000
-1.628900000000,-1.815880000000
-2.970240000000,-0.154760000000
-2.176430000000,1.695340000000
0.552390000000,2.721650000000
-1.562310000000,4.400970000000
-3.890470000000,-2.309830000000
0.373530000000,-2.219700000000
-1.650360000000,-1.803730000000
-3.430200000000,-3.310130000000
-0.899470000000,-3.818460000000
0.990920000000,-3.995400000000
-3.171510000000,-4.935670000000
-1.292620000000,-1.230500000000
-3.363350000000,-1.074810000000
2.445110000000,-0.999040000000
-2.956300000000,-0.080410000000
-4.366860000000,-2.819780000000
-4.154470000000,-2.896470000000
-2.577390000000,0.767330000000
-3.889460000000,0.240110000000
-4.913220000000,2.854160000000
-1.520370000000,-1.537500000000
-3.910070000000,-2.356260000000
0.045110000000,1.819500000000
-1.364950000000,-1.204030000000
0.309310000000,-2.346800000000
1.590700000000,-4.286610000000
-4.703090000000,-1.949850000000
4.556590000000,-2.759900000000
1.760280000000,1.598150000000
-4.637740000000,2.733520000000
-0.499940000000,-4.011460000000
-3.885000000000,-2.297970000000
-3.239850000000,4.311500000000
-2.456000000000,-1.498450000000
-4.282090000000,-0.679850000000
-3.898900000000,-2.361500000000
-1.826620000000,-1.716230000000
0.664900000000,-1.613990000000
-4.965060000000,-4.061770000000
-1.359870000000,-1.199610000000
-0.498190000000,-4.022060000000
-1.628850000000,-1.816350000000
-1.351030000000,0.244040000000
-4.961350000000,-4.040360000000
-1.496990000000,-1.506820000000
-4.377410000000,-2.843030000000
1.768480000000,1.601670000000
2.852650000000,-1.688000000000
-1.630730000000,-1.815220000000
-3.126260000000,-1.280550000000
-1.561540000000,4.400050000000
3.972160000000,-3.960990000000
-4.363990000000,-2.819350000000
-4.942850000000,2.864460000000
-4.808840000000,0.629040000000
-3.231430000000,-0.765710000000
0.517860000000,-2.324280000000
-1.360990000000,-1.205860000000
1.575680000000,-2.798060000000
-2.486140000000,-1.565800000000
-2.295510000000,-3.140410000000
1.504240000000,0.113040000000
-0.737760000000,-0.017560000000
-2.450530000000,-1.473210000000
-2.452560000000,-1.475000000000
-3.912510000000,-2.367910000000
-3.631860000000,3.392550000000
-4.596890000000,4.528110000000
1.864640000000,-2.196340000000
1.232570000000,-0.495780000000
-2.177080000000,-0.853150000000
-1.699070000000,-3.430110000000
1.757580000000,1.596780000000
0.064150000000,-1.325650000000
-4.986310000000,-4.059220000000
-1.784250000000,2.602590000000
-3.820020000000,2.384800000000
0.375840000000,-2.216120000000
-4.189170000000,-2.961900000000
4.371930000000,-4.155160000000
-3.395090000000,-3.317310000000
1.757730000000,1.595750000000
-1.357540000000,-1.207070000000
1.235220000000,-0.492830000000
-4.973790000000,-4.064570000000
-2.299620000000,-3.139390000000
-2.455950000000,-1.498230000000
-4.965540000000,-4.049900000000
0.630050000000,-1.684060000000
-3.365600000000,-1.057530000000
-4.159480000000,4.703880000000
-1.629000000000,-1.816270000000
0.081040000000,-2.812040000000
-4.376150000000,-2.845420000000
-4.355580000000,-2.817990000000
4.845470000000,-2.161980000000
-1.140510000000,-0.930330000000
-3.395650000000,-3.319220000000
-1.496330000000,-1.505550000000
2.540580000000,2.570110000000
1.751310000000,1.600050000000
-1.626490000000,-1.817860000000
-2.972390000000,-0.151990000000
2.191690000000,-3.088850000000
-3.882690000000,-2.296030000000
-4.382180000000,-2.865110000000
0.305340000000,4.977370000000
-2.490200000000,0.971670000000
-3.900600000000,-2.334170000000
-4.970250000000,-4.062460000000
-4.178010000000,-2.938970000000
0.633650000000,-1.677730000000
-1.519440000000,-1.534890000000
-2.450560000000,-1.473200000000
-1.360990000000,-1.205870000000
-2.558150000000,0.749780000000
-1.561550000000,4.400010000000
4.141240000000,2.477000000000
-3.885240000000,-2.298230000000
-3.395130000000,-3.317300000000
1.065060000000,-1.808020000000
-1.406880000000,-1.302550000000
-2.185050000000,1.687090000000
-2.971790000000,-0.153160000000
3.969690000000,-3.959710000000
-1.651560000000,-1.806260000000
1.302350000000,-4.879470000000
-1.530190000000,-1.535400000000
0.672680000000,-1.617450000000
-4.977960000000,-4.062430000000
-1.360050000000,-1.203280000000
-4.967940000000,-4.056800000000
-4.417740000000,1.550640000000
-1.629370000000,-1.817030000000
0.665260000000,-1.613860000000
-1.628620000000,-1.815320000000
-1.160790000000,-0.921420000000
-2.299860000000,-3.135480000000
-3.363870000000,-1.076080000000
-3.104960000000,2.080690000000
-3.754750000000,-1.992220000000
-3.192260000000,-4.984320000000
2.175060000000,-3.088020000000
-3.890990000000,-2.293430000000
-4.286170000000,1.858720000000
1.779800000000,1.583080000000
-1.561580000000,4.399810000000
4.141260000000,2.477030000000
-4.973050000000,-4.059960000000
2.933050000000,3.489890000000
-1.518610000000,-1.532390000000
0.067920000000,-1.318660000000
-2.971800000000,-0.153700000000
-4.975620000000,-4.046050000000
-4.951680000000,-4.046260000000
0.349480000000,4.229760000000
-0.480380000000,3.134250000000
-3.884700000000,-2.297460000000
-2.968420000000,-0.148510000000
2.083240000000,-3.263260000000
0.065550000000,-1.322620000000
-3.883960000000,-2.295810000000
-4.080610000000,-3.755750000000
0.442910000000,-1.531580000000
-1.610450000000,-1.770800000000
1.759980000000,1.596790000000
-1.520540000000,-1.537420000000
-1.629420000000,-1.816070000000
1.359660000000,-0.187560000000
-3.430390000000,-1.043230000000
-4.282180000000,-0.679840000000
-3.395100000000,-3.317300000000
-1.561560000000,4.400030000000
1.757740000000,1.595760000000
-3.884240000000,-2.295730000000
-1.615630000000,-1.819820000000
-1.494790000000,-1.507200000000
1.235750000000,-0.488730000000
0.305000000000,4.975160000000
4.537430000000,-1.271010000000
3.020040000000,2.844360000000
-1.628970000000,-1.816280000000
1.261550000000,-0.427560000000
-0.751330000000,-0.033230000000
1.234150000000,-0.492050000000
2.058550000000,3.137950000000
-2.968380000000,-0.151600000000
-4.502810000000,0.501530000000
2.175750000000,-3.089310000000
1.264320000000,-0.424500000000
-4.877540000000,0.661410000000
-4.809410000000,0.632340000000
-1.498280000000,-1.496270000000
0.973720000000,-2.504780000000
2.109690000000,-0.146910000000
-1.645270000000,-1.800410000000
-1.520640000000,-1.537260000000
4.379380000000,-4.158290000000
-3.766160000000,-4.627240000000
-3.886220000000,-2.299880000000
2.459650000000,-2.476410000000
-4.362730000000,-2.819100000000
4.141250000000,2.477010000000
-3.362100000000,-1.072390000000
-1.512860000000,-1.537980000000
-3.912370000000,-2.354300000000
-3.636940000000,3.393570000000
-3.215390000000,-5.000000000000
4.555110000000,-2.761850000000
0.665300000000,-1.613800000000
-2.184450000000,1.686890000000
3.338090000000,-0.688430000000
-0.495960000000,-4.012370000000
-2.581530000000,3.305860000000
1.516110000000,0.196190000000
-3.871140000000,-2.314850000000
-1.494030000000,-1.506960000000
-5.000000000000,-4.052470000000
1.494250000000,0.117480000000
-3.884800000000,-2.295950000000
3.044440000000,-1.277620000000
-1.141720000000,-0.932460000000
-3.578000000000,-4.246890000000
-0.481730000000,3.134650000000
2.174980000000,-3.085220000000
-4.965190000000,-4.061220000000
-1.493080000000,-1.498790000000
-1.140060000000,-0.928770000000
-3.363910000000,-1.084490000000
1.496670000000,0.116270000000
-3.175570000000,-4.945920000000
-0.737860000000,-0.017590000000
3.974900000000,-3.962550000000
2.394350000000,-3.184230000000
2.446280000000,-0.998930000000
-3.138790000000,2.058380000000
-1.561550000000,4.400000000000
1.757740000000,1.595720000000
-4.367130000000,-2.819450000000
-3.013830000000,-0.252820000000
-1.209740000000,-0.903300000000
-4.092640000000,-2.249390000000
-1.348370000000,-1.196970000000
0.665370000000,-1.613900000000
-0.826420000000,2.310230000000
4.845800000000,-2.161840000000
-1.651540000000,-1.806210000000
1.780870000000,3.253030000000
-4.090020000000,-2.211410000000
1.756750000000,1.595270000000
-4.159480000000,4.703870000000
-3.357790000000,-1.058170000000
0.376500000000,-2.214740000000
2.669960000000,2.881930000000
-4.971470000000,-4.064230000000
-4.077380000000,-2.216810000000
-1.656540000000,0.370360000000
-3.900320000000,-2.333590000000
-4.364000000000,-2.819380000000
-3.295590000000,1.069000000000
-3.927730000000,-2.323170000000
-1.561530000000,4.400010000000
1.751060000000,3.269390000000
-0.737840000000,-0.017570000000
-2.297700000000,-3.136710000000
-0.345860000000,0.902660000000
0.376270000000,-2.213300000000
-1.628870000000,-1.814420000000
-3.905290000000,-2.358660000000
-4.944390000000,2.864320000000
0.632910000000,-1.680500000000
-3.362890000000,-1.073650000000
-3.910220000000,-2.356240000000
-0.607150000000,0.289900000000
-1.651320000000,-1.805610000000
-2.969860000000,-0.152510000000
-3.900330000000,-2.333050000000
-1.650370000000,-1.803740000000
-3.884240000000,-2.295360000000
-1.415550000000,-1.340420000000
-4.090000000000,-2.211420000000
-4.382180000000,-2.865240000000
-4.024170000000,2.475030000000
3.949760000000,-3.961040000000
-0.295810000000,-3.593820000000
-3.885160000000,-2.298270000000
-4.978670000000,-4.068760000000
-1.496640000000,-1.506050000000
-3.887140000000,-2.302390000000
-0.500580000000,-4.013080000000
1.523330000000,0.192830000000
-1.433810000000,-1.527660000000
3.778370000000,-4.363270000000
1.234080000000,-0.492190000000
-1.144440000000,-0.930070000000
-4.948730000000,2.852760000000
-1.561540000000,4.400000000000
3.972220000000,-3.960960000000
-3.371000000000,-1.071070000000
3.139070000000,-0.588910000000
-1.521590000000,-1.539980000000
0.452670000000,-0.535070000000
-5.000000000000,-4.047730000000
-3.884230000000,-2.297600000000
-1.626960000000,-1.812150000000
-0.496660000000,-4.006850000000
-3.172480000000,-4.937920000000
-4.154330000000,-2.896480000000
-1.265920000000,1.313900000000
-4.940210000000,0.325740000000
0.665120000000,-1.614930000000
2.931870000000,3.487880000000
-1.504660000000,-1.502460000000
-4.089880000000,-2.211380000000
-4.363860000000,-2.819550000000
-4.993420000000,-4.063410000000
-3.790250000000,-4.630890000000
1.848890000000,-0.718570000000
-5.000000000000,-4.079140000000
-0.500480000000,-4.010120000000
2.367250000000,-2.687480000000
-0.746170000000,-0.013020000000
-4.092630000000,-2.249370000000
-2.174980000000,-0.829660000000
-1.162950000000,-0.919780000000
-3.398590000000,-3.321310000000
-0.737780000000,-0.017590000000
1.360660000000,-0.196070000000
-1.359080000000,-1.202160000000
0.393310000000,-0.138450000000
-4.365260000000,-2.824340000000
-4.972590000000,-4.074460000000
-4.809890000000,0.632070000000
-3.100590000000,-0.458970000000
0.032070000000,-1.391630000000
1.495630000000,0.120920000000
-4.979840000000,-2.556580000000
3.338030000000,-0.688550000000
-3.885260000000,-2.298260000000
1.262400000000,-0.423400000000
-2.974550000000,-0.155510000000
-1.420840000000,-1.336910000000
-4.178370000000,-2.939700000000
2.445930000000,-0.999450000000
-3.944730000000,0.273840000000
-3.883830000000,-2.295170000000
-4.992370000000,-4.045890000000
-4.403210000000,-2.842130000000
-4.421100000000,4.090710000000
0.664760000000,-1.615700000000
-4.161150000000,-2.904390000000
0.109110000000,-1.346280000000
4.141240000000,2.477010000000
-0.432620000000,0.697810000000
-2.046380000000,-0.546790000000
-4.376660000000,-2.852290000000
-1.496730000000,-1.506280000000
-1.141760000000,-0.932460000000
-2.299270000000,-3.139110000000
-3.891540000000,-2.287550000000
-1.140870000000,-0.928260000000
3.046820000000,-1.288200000000
-2.299920000000,-3.137410000000
-0.444120000000,3.122540000000
-4.092630000000,-2.249360000000
-1.565170000000,4.401920000000
1.263550000000,-0.419920000000
1.748880000000,1.684640000000
-1.512430000000,-1.539330000000
2.445940000000,-0.999430000000
-1.290110000000,-1.231570000000
-3.887220000000,-2.302310000000
-1.140550000000,-0.929920000000
-4.090030000000,-2.211420000000
-0.500290000000,-4.011380000000
2.452550000000,-1.002590000000
1.757720000000,1.595690000000
-0.693700000000,-4.412340000000
4.141180000000,2.477110000000
-4.950320000000,-4.020990000000
-3.901110000000,-2.332960000000
-1.141160000000,-0.931400000000
-4.414130000000,1.552340000000
4.566980000000,-4.257730000000
-1.628720000000,-1.816650000000
-3.359210000000,-1.072530000000
-3.896360000000,-2.299050000000
-4.678600000000,-3.465220000000
-4.114510000000,3.959900000000
-4.573190000000,-1.645990000000
1.760880000000,1.594710000000
3.046950000000,-1.287940000000
-1.651550000000,-1.806360000000
-4.895230000000,-0.418250000000
0.073140000000,-1.325280000000
1.232740000000,-0.495750000000
0.295230000000,4.938440000000
-4.975310000000,-4.052180000000
-1.495610000000,-1.506150000000
2.171920000000,-3.088330000000
0.065560000000,-1.322600000000
4.137390000000,2.505560000000
-5.000000000000,-4.068370000000
0.665900000000,-1.613230000000
-4.680200000000,-3.464560000000
-0.737350000000,-0.017890000000
-1.627440000000,-1.812430000000
-4.367480000000,-2.820410000000
-2.978080000000,4.924660000000
-4.965360000000,-4.041430000000
-4.282050000000,-0.679880000000
-4.377030000000,-2.852470000000
-2.443820000000,-1.467220000000
-1.140520000000,-0.929930000000
1.271950000000,-4.885430000000
3.776120000000,-0.291200000000
0.367610000000,-2.210790000000
1.764590000000,1.596870000000
-4.080610000000,-3.755760000000
-1.629500000000,-1.817440000000
-4.944050000000,2.863860000000
-3.182640000000,-4.937410000000
2.584220000000,2.672300000000
-1.294530000000,-1.238590000000
-1.129510000000,-0.925600000000
-4.144760000000,4.658060000000
-1.141050000000,-0.931210000000
-1.365390000000,-1.204870000000
-4.977180000000,-4.038900000000
-1.141750000000,-0.932460000000
2.452530000000,-1.002600000000
1.261740000000,-0.427550000000
-1.130140000000,-0.937390000000
-1.990310000000,-4.029800000000
-4.978170000000,-4.058590000000
-1.561530000000,4.400030000000
-4.972880000000,-4.063430000000
-1.361140000000,-1.205450000000
-1.141350000000,-0.931630000000
-1.526820000000,0.681440000000
0.071830000000,-1.328620000000
4.746780000000,-2.361240000000
-1.130100000000,-0.937610000000
2.572880000000,-3.281430000000
-0.553940000000,3.528000000000
-0.258210000000,1.106600000000
-2.450570000000,-1.473440000000
-2.493540000000,-1.562250000000
-1.521590000000,-1.539960000000
-4.813720000000,0.643400000000
-2.976720000000,-0.158690000000
-1.627670000000,-1.814350000000
-2.460620000000,-1.496750000000
1.298970000000,-4.887340000000
-1.626980000000,-1.812180000000
1.233940000000,-0.492470000000
-4.367450000000,-2.820390000000
1.739220000000,1.599190000000
-4.969900000000,-4.061940000000
-2.967130000000,-0.153190000000
-2.446600000000,1.073860000000
-4.387680000000,-2.862600000000
-1.629350000000,-1.817020000000
-0.225740000000,-1.922480000000
4.246180000000,-1.870710000000
-3.871030000000,-2.293040000000
-1.138600000000,-0.935180000000
1.494180000000,0.117390000000
3.046850000000,-1.288230000000
-1.452240000000,-1.408490000000
0.924560000000,0.481170000000
2.169800000000,-3.092920000000
1.260950000000,-0.426990000000
-2.598960000000,-3.732030000000
-3.389550000000,-3.379650000000
-1.352660000000,-1.196490000000
4.215660000000,-1.929290000000
4.143070000000,2.477100000000
-4.156520000000,-2.895410000000
0.385230000000,-2.219090000000
3.975070000000,-3.954700000000
-4.966300000000,-4.073900000000
-1.497980000000,-1.505690000000
-3.174140000000,-4.941050000000
-1.596550000000,-1.749450000000
-1.879760000000,2.402440000000
-1.209790000000,-0.903250000000
1.224860000000,4.580930000000
-4.366410000000,-2.818210000000
1.757740000000,1.595750000000
-3.395130000000,-3.317310000000
2.170490000000,-3.086070000000
-1.619300000000,-1.740090000000
0.374710000000,-2.213740000000
-3.671300000000,3.404950000000
-2.456400000000,-1.497620000000
-3.193460000000,-4.945810000000
-1.654330000000,0.374580000000
-2.300460000000,-3.137790000000
-1.209770000000,-0.903500000000
-1.634960000000,-1.811850000000
0.996060000000,-3.998240000000
-1.142310000000,-0.935200000000
-2.448050000000,-1.474300000000
1.329040000000,-4.825290000000
-4.969470000000,-4.065760000000
-1.651540000000,-1.806230000000
-1.359440000000,-1.201930000000
4.166300000000,-3.561200000000
-3.207810000000,4.311760000000
-1.561530000000,4.400050000000
-4.945110000000,2.864210000000
0.632790000000,-1.678340000000
-1.504180000000,-1.502640000000
-0.499650000000,-4.012610000000
1.261660000000,-0.427680000000
-2.462740000000,-1.492230000000
-3.912650000000,-2.354750000000
-1.496860000000,-1.506260000000
1.751510000000,3.269170000000
-1.657980000000,0.374810000000
-1.845280000000,-0.633560000000
-3.172160000000,-4.938390000000
-0.736740000000,-0.016230000000
-4.971390000000,-4.063930000000
-4.703080000000,-1.949840000000
1.494350000000,0.117450000000
-0.346620000000,0.901440000000
-3.359740000000,-3.349320000000
-1.127890000000,-0.935240000000
-2.444930000000,-1.463500000000
2.173890000000,-3.085620000000
0.632910000000,-1.680510000000
4.145640000000,2.475020000000
-2.315710000000,1.380420000000
-1.220970000000,-0.898670000000
1.232640000000,-0.495600000000
-4.077650000000,-0.767080000000
0.341650000000,-2.280160000000
-1.164620000000,-0.963170000000
2.186530000000,-3.092930000000
0.368090000000,-2.231480000000
-1.364890000000,-1.204140000000
3.974960000000,-3.961880000000
-3.105680000000,2.080360000000
0.665270000000,-1.613850000000
-1.494980000000,-1.502490000000
-1.302610000000,1.186560000000
-3.885150000000,-2.298270000000
4.138410000000,2.478930000000
4.141270000000,2.476990000000
-4.093000000000,-2.250230000000
-3.236210000000,4.318770000000
-1.628010000000,-1.812190000000
1.494220000000,0.117490000000
-4.954200000000,-4.047190000000
-4.367640000000,-2.821610000000
0.634000000000,-1.682000000000
-1.141620000000,-0.932520000000
-3.239690000000,4.311440000000
-5.000000000000,-4.068650000000
-3.394620000000,-3.318470000000
2.247220000000,-0.899920000000
1.232530000000,-0.495840000000
-3.355380000000,-1.083690000000
-2.402320000000,-3.333740000000
1.496680000000,0.116280000000
-3.374290000000,-1.097700000000
-1.561550000000,4.399980000000
-0.337850000000,0.898970000000
0.374060000000,-2.213570000000
-3.901280000000,-2.332200000000
-4.552450000000,3.782850000000
-1.390850000000,-1.269030000000
-3.185210000000,-4.936550000000
-3.362430000000,-1.072720000000
-4.701890000000,-1.945290000000
3.047120000000,-1.287230000000
-3.375020000000,-1.068730000000
-0.085530000000,4.035700000000
-3.213540000000,4.377910000000
3.745620000000,-4.427420000000
0.699660000000,-4.595070000000
-4.160400000000,-2.902710000000
0.439440000000,2.741760000000
-4.688530000000,-3.482470000000
0.379830000000,-2.199170000000
-1.619740000000,-1.798050000000
1.494150000000,0.117350000000
-2.975910000000,-0.157790000000
-3.203360000000,-5.000000000000
-4.082520000000,-2.214630000000
3.616700000000,-0.048160000000
4.571820000000,-4.252250000000
3.646500000000,-1.579460000000
-1.646970000000,-1.799660000000
3.971820000000,-3.958130000000
0.881090000000,0.378910000000
-1.597400000000,-1.749170000000
0.379000000000,-2.219310000000
-3.362450000000,-1.072820000000
-1.141270000000,-0.931680000000
3.488120000000,-4.959140000000
-1.626950000000,-1.812190000000
-1.159330000000,-0.972940000000
-4.376970000000,-2.852510000000
-1.129930000000,-0.937420000000
1.264960000000,-1.905100000000
-1.681860000000,-4.920730000000
-2.575740000000,0.770050000000
-3.618050000000,-3.184230000000
-3.900490000000,-2.333780000000
3.977590000000,-3.953620000000
-2.573810000000,0.765570000000
-3.035300000000,4.224270000000
-3.913250000000,-2.354440000000
-0.737810000000,-0.017510000000
-1.496570000000,-1.505830000000
-3.901670000000,-2.332990000000
1.757720000000,1.595740000000
-1.561540000000,4.400040000000
-2.363470000000,-3.272130000000
-2.395700000000,-3.338490000000
-4.380240000000,-2.850850000000
3.046570000000,-1.288090000000
2.140240000000,-3.153700000000
-0.528590000000,3.142790000000
-1.291090000000,-1.231730000000
-1.845660000000,-0.632140000000
-3.497780000000,1.156850000000
-1.658950000000,-1.802630000000
-4.157950000000,-2.903860000000
-2.298740000000,-3.138850000000
-1.265140000000,1.294620000000
1.234050000000,-0.492340000000
-5.000000000000,-4.059240000000
-4.553280000000,4.630310000000
0.297870000000,4.980460000000
-1.626970000000,-1.812170000000
0.832300000000,3.667140000000
-3.888140000000,-2.302220000000
-4.969160000000,2.879930000000
2.128690000000,-0.125460000000
-1.142510000000,-0.931170000000
-3.167260000000,-4.941320000000
1.763000000000,3.261100000000
-3.749150000000,-3.069530000000
-1.210020000000,-0.903390000000
4.046290000000,-1.773620000000
-4.167090000000,-2.916710000000
-2.969800000000,-0.152420000000
-1.504890000000,-1.499610000000
0.378150000000,-2.215540000000
-1.630070000000,-1.816280000000
3.046620000000,-1.288120000000
-0.225880000000,-1.922760000000
1.757780000000,1.593990000000
-4.093010000000,-2.249080000000
-4.703090000000,-1.949840000000
-2.734860000000,2.999910000000
1.261250000000,-0.426650000000
1.372740000000,-4.923860000000
-3.134710000000,-0.444570000000
-3.172740000000,-4.932850000000
1.064780000000,-0.791240000000
-1.360720000000,-1.208100000000
-1.651610000000,-1.806330000000
0.763040000000,-2.429910000000
1.222680000000,-0.487090000000
-2.446850000000,-1.475990000000
-0.075140000000,4.048330000000
-1.626950000000,-1.812120000000
3.331010000000,-0.684200000000
-1.126450000000,-0.938110000000
3.972750000000,-3.958330000000
-4.367470000000,-2.820390000000
-1.198390000000,-0.908280000000
-2.969830000000,-0.152510000000
4.557740000000,-2.760530000000
0.780020000000,-2.410550000000
-2.986680000000,-0.150760000000
4.145070000000,2.475860000000
-2.445830000000,-1.463290000000
3.968090000000,-3.970990000000
-1.628510000000,-1.815380000000
1.379240000000,-3.195820000000
0.439230000000,2.742420000000
-3.883300000000,-2.296400000000
2.679020000000,2.869170000000
2.172110000000,-3.086290000000
1.751500000000,3.269190000000
-1.209280000000,-0.902760000000
0.665260000000,-1.613850000000
1.234070000000,-0.492220000000
-1.355060000000,-1.202350000000
2.447080000000,-0.997120000000
-2.311730000000,-1.158100000000
1.772240000000,-2.891200000000
1.235380000000,-0.489680000000
-4.156730000000,-2.895310000000
1.864620000000,-2.196400000000
0.442450000000,2.731450000000
0.177820000000,2.128580000000
-3.885790000000,-2.298130000000
-1.494170000000,-1.507510000000
1.757760000000,1.595740000000
1.759520000000,1.595310000000
-4.766080000000,-3.663460000000
-1.361270000000,-1.200230000000
4.558720000000,-1.226480000000
1.757360000000,1.589990000000
0.042890000000,4.360570000000
-4.079280000000,-2.219420000000
1.491940000000,0.119810000000
-3.633430000000,3.388880000000
-3.547610000000,4.441990000000
-1.358320000000,-1.202460000000
-3.876150000000,0.263040000000
-1.423040000000,-1.340440000000
2.188670000000,-3.106650000000
-1.512380000000,-1.539340000000
-3.103930000000,2.077670000000
-1.390620000000,-4.321040000000
-1.140220000000,-0.929130000000
-2.311950000000,-3.128860000000
0.365370000000,-2.212160000000
-1.627350000000,-1.812180000000
2.174150000000,-3.087810000000
-1.599020000000,-1.748410000000
3.042850000000,-1.285680000000
-4.978970000000,-4.059330000000
-1.496480000000,-1.505950000000
-2.210950000000,1.722000000000
0.369340000000,-2.212510000000
-3.884650000000,-2.295460000000
-0.345140000000,0.901160000000
1.758060000000,1.595790000000
1.224960000000,4.581280000000
0.373370000000,-2.214480000000
-4.768400000000,-3.649370000000
3.964450000000,-3.961570000000
3.972350000000,-3.960760000000
3.046850000000,-1.288200000000
0.878530000000,3.644030000000
-1.140120000000,-0.928350000000
-1.361050000000,-1.205770000000
1.507070000000,0.119330000000
-0.737830000000,-0.017540000000
-1.816330000000,-0.644760000000
1.260240000000,-0.427340000000
3.681340000000,-4.559910000000
-3.465740000000,-3.221850000000
-0.225790000000,-1.922570000000
4.038260000000,-3.943420000000
-1.628540000000,-1.815380000000
-4.024620000000,2.471750000000
-1.494110000000,-1.507410000000
-1.140900000000,-0.957540000000
-2.799550000000,2.794870000000
-2.492950000000,-3.538630000000
-2.976330000000,-4.539650000000
-4.284990000000,-0.678610000000
-1.563490000000,4.445150000000
-1.496970000000,-1.505490000000
-5.000000000000,-4.050100000000
-4.954490000000,2.863030000000
-2.456570000000,-1.497650000000
-4.674470000000,-1.599660000000
3.973230000000,-3.958720000000
-1.418040000000,-1.539130000000
0.633010000000,-1.680610000000
-3.801560000000,1.285050000000
1.494310000000,0.117710000000
-4.969480000000,-4.059260000000
1.757730000000,1.595720000000
-1.651520000000,-1.806310000000
3.338360000000,-0.687450000000
-2.262030000000,-1.537240000000
-1.140600000000,-0.937490000000
-3.889330000000,-2.338960000000
0.374820000000,-2.214540000000
-4.771640000000,-4.161280000000
-0.394520000000,4.184790000000
-4.572270000000,-1.643260000000
1.494080000000,0.117370000000
0.665260000000,-1.613890000000
-1.129820000000,-0.937170000000
-4.548120000000,3.781200000000
-3.180930000000,-4.931980000000
-1.496620000000,-1.506020000000
-3.889010000000,-2.299700000000
1.234130000000,-0.492100000000
0.065560000000,-1.322710000000
-1.631310000000,-1.798070000000
1.508320000000,0.121800000000
-4.148820000000,4.694890000000
-3.097840000000,2.077330000000
-3.909850000000,-2.355410000000
0.374020000000,-2.213540000000
1.056290000000,-0.814540000000
-3.104750000000,2.079440000000
-3.883960000000,-2.295790000000
-2.187360000000,1.687950000000
-3.898930000000,-2.361620000000
-1.140550000000,-0.929990000000
-4.381970000000,-2.850330000000
-4.756310000000,3.871320000000
-1.493260000000,-1.498820000000
-1.297480000000,-1.234520000000
-1.651530000000,-1.806210000000
-2.626710000000,0.680100000000
-1.209670000000,-0.903470000000
1.064880000000,-0.791170000000
-1.232110000000,-0.935210000000
-1.237430000000,-0.906310000000
0.632970000000,-1.680520000000
-1.496590000000,-1.506330000000
4.578830000000,-4.255550000000
-4.415240000000,1.551380000000
0.384890000000,-2.213690000000
-2.050080000000,-0.544920000000
3.572350000000,-3.766830000000
4.141240000000,2.477030000000
-4.968320000000,-4.056360000000
1.496640000000,0.116270000000
-0.872770000000,2.214420000000
-2.456520000000,-1.497640000000
-1.512690000000,-1.539220000000
-4.364610000000,-2.825920000000
1.236770000000,-0.488680000000
-1.140610000000,-0.930010000000
-2.460270000000,-1.495890000000
-0.128680000000,-1.722620000000
-4.981460000000,-4.086990000000
-2.712260000000,2.999220000000
-1.133660000000,-0.940880000000
-4.961620000000,-4.062880000000
-1.129620000000,-0.940520000000
0.375680000000,-2.214340000000
-3.354790000000,-1.071390000000
-2.289760000000,-1.650840000000
1.235130000000,-0.492630000000
0.439200000000,2.741650000000
-0.372570000000,-4.071700000000
-2.298710000000,-3.138890000000
0.438430000000,-2.240390000000
-4.974720000000,-4.073960000000
-2.458990000000,-1.496440000000
-4.954250000000,-4.043950000000
-3.910060000000,-2.356370000000
2.166430000000,-3.087140000000
-3.172810000000,-4.937580000000
-0.225760000000,-1.922260000000
-4.975850000000,-4.066840000000
-3.890190000000,-2.308230000000
-4.968980000000,-4.058980000000
-2.050420000000,-0.544730000000
-4.074830000000,-2.218110000000
0.361350000000,-2.236160000000
-1.141230000000,-0.929220000000
-3.889890000000,-2.289230000000
-3.888520000000,0.245590000000
-0.092490000000,-1.986650000000
-5.000000000000,-4.049840000000
-3.231660000000,4.307270000000
2.109640000000,-0.146780000000
-1.964190000000,0.505590000000
0.132130000000,-1.355170000000
-1.496620000000,-1.506000000000
3.007340000000,-1.342090000000
-3.884220000000,-2.295690000000
1.624960000000,0.423940000000
-4.587730000000,-0.543660000000
-2.396060000000,-3.336890000000
-1.340570000000,-1.210050000000
-3.171830000000,-4.938280000000
-4.365450000000,-2.817650000000
2.738240000000,-0.396990000000
-4.971230000000,-4.063960000000
-0.738550000000,-0.018930000000
1.755620000000,1.609170000000
-2.585380000000,0.773280000000
-1.561520000000,4.400020000000
-4.971560000000,-4.064180000000
-3.362460000000,-1.072020000000
0.632970000000,-1.680540000000
0.305420000000,4.973070000000
-3.889610000000,0.239910000000
-3.901660000000,-2.332960000000
0.376370000000,-2.215010000000
-1.505650000000,-1.537410000000
-2.289150000000,-3.127080000000
-1.589800000000,-1.833810000000
-4.077300000000,-2.216890000000
3.861850000000,-4.017720000000
0.438930000000,2.744800000000
-4.282440000000,-0.680460000000
1.494290000000,0.117780000000
-1.290250000000,-1.231860000000
-2.486340000000,-1.565720000000
-4.992040000000,-4.053030000000
-2.459960000000,-1.499010000000
-1.510310000000,-1.542370000000
0.295390000000,-2.424200000000
-4.985320000000,-4.058270000000
-3.361940000000,-1.075120000000
1.756980000000,1.597270000000
-4.703060000000,-1.949790000000
-1.504080000000,-1.502550000000
1.495780000000,0.120680000000
-1.628930000000,-1.816450000000
-4.968830000000,-4.066340000000
-3.885170000000,-2.296410000000
