0.100000000000
0.300000000000
0.900000000000
0.700010000000
0.499980000000
0.700000000000
0.499990000000
0.099990000000
0.100010000000
0.300020000000
0.699990000000
0.501410000000
0.500000000000
0.299990000000
0.299630000000
0.699860000000
0.300040000000
0.500010000000
0.899990000000
0.900010000000
0.299970000000
0.100180000000
0.500110000000
0.700530000000
0.699970000000
0.300150000000
0.700020000000
0.499470000000
0.300010000000
0.300030000000
0.698980000000
0.500020000000
0.100020000000
0.100030000000
0.499330000000
0.499950000000
0.900510000000
0.900020000000
0.501920000000
0.699540000000
0.103380000000
0.700830000000
0.899980000000
0.303490000000
0.301950000000
0.699980000000
0.498510000000
0.101540000000
0.299750000000
0.499740000000
0.298590000000
0.899970000000
0.099980000000
0.899570000000
0.100940000000
0.699840000000
0.299980000000
0.699800000000
0.699960000000
0.700030000000
0.900480000000
0.298550000000
0.099970000000
0.897300000000
0.500030000000
0.299780000000
0.501040000000
0.297040000000
0.498650000000
0.299580000000
0.899950000000
0.299960000000
0.699550000000
0.299950000000
0.298290000000
0.099320000000
0.699660000000
0.299020000000
0.300680000000
0.299440000000
0.900380000000
0.300330000000
0.499670000000
0.101800000000
0.500340000000
0.300910000000
0.297920000000
0.099960000000
0.499520000000
0.499970000000
0.102270000000
0.099200000000
0.300450000000
0.498270000000
0.700580000000
0.499480000000
0.055460000000
0.499940000000
0.700350000000
0.100040000000
0.700070000000
0.499610000000
0.503790000000
0.100640000000
0.698410000000
0.501030000000
0.898580000000
0.500640000000
0.500100000000
0.425220000000
0.303920000000
0.499200000000
0.100060000000
0.100100000000
0.899960000000
0.101500000000
0.699880000000
0.299830000000
0.700160000000
0.500120000000
0.302450000000
0.498540000000
0.899780000000
0.900780000000
0.499880000000
0.097930000000
0.099950000000
0.099000000000
0.703440000000
0.700230000000
0.500660000000
0.696330000000
0.698600000000
0.100570000000
0.699230000000
0.500910000000
0.702990000000
0.701460000000
0.100540000000
0.500230000000
0.100090000000
0.301150000000
0.300060000000
0.500280000000
0.906100000000
0.900140000000
0.790540000000
0.900040000000
0.300240000000
0.099460000000
0.499380000000
0.299700000000
0.096740000000
0.899840000000
0.300130000000
0.700360000000
0.499930000000
0.100330000000
0.699580000000
0.500060000000
0.699690000000
0.500040000000
0.900030000000
0.701510000000
0.099580000000
0.700120000000
0.899800000000
0.699940000000
0.299800000000
0.099080000000
0.300810000000
0.899470000000
0.099330000000
0.700660000000
0.099940000000
0.300430000000
0.299550000000
0.500170000000
0.303030000000
0.900210000000
0.500480000000
0.702160000000
0.500670000000
0.498800000000
0.701260000000
0.700200000000
0.498380000000
0.899750000000
0.500510000000
0.899380000000
0.700610000000
0.501050000000
0.499070000000
0.699910000000
0.100550000000
0.502370000000
0.300790000000
0.500360000000
0.302130000000
0.101100000000
0.101860000000
0.700670000000
0.700040000000
0.299940000000
0.898930000000
0.899920000000
0.900160000000
0.900620000000
0.300640000000
0.298750000000
0.499260000000
0.896970000000
0.500590000000
0.100270000000
0.699610000000
0.499750000000
0.101730000000
0.300160000000
0.298560000000
0.899850000000
0.098770000000
0.501020000000
0.301130000000
0.501910000000
0.699400000000
0.899420000000
0.701910000000
0.301340000000
0.699110000000
0.899760000000
0.500770000000
0.901280000000
0.099680000000
0.299310000000
0.500050000000
0.101430000000
0.699420000000
0.099470000000
0.300080000000
0.900950000000
0.899930000000
0.502600000000
0.499820000000
0.303120000000
0.898820000000
0.900110000000
0.300190000000
0.300210000000
0.100160000000
0.500620000000
0.499960000000
0.899410000000
0.700850000000
0.500730000000
0.505830000000
0.497760000000
0.700720000000
0.300830000000
0.900260000000
0.301410000000
0.500490000000
0.899720000000
0.095650000000
0.161190000000
0.899690000000
0.298410000000
0.099920000000
0.100120000000
0.899910000000
0.699850000000
0.500270000000
0.299430000000
0.900360000000
0.900760000000
0.703040000000
0.901910000000
0.099220000000
0.299930000000
0.099780000000
0.099890000000
0.100620000000
0.099650000000
0.899120000000
0.299720000000
0.496960000000
0.498020000000
0.100710000000
0.499860000000
0.302280000000
0.500530000000
0.701830000000
0.499890000000
0.700460000000
0.699040000000
0.300090000000
0.700750000000
0.299600000000
0.899870000000
0.501310000000
0.299620000000
0.099410000000
0.300230000000
0.300390000000
0.897400000000
0.300770000000
0.301800000000
0.897180000000
0.901190000000
0.304670000000
0.497460000000
0.101450000000
0.702850000000
0.303410000000
0.500070000000
0.501890000000
0.701020000000
0.699950000000
0.498110000000
0.301240000000
0.299510000000
0.700110000000
0.506880000000
0.699830000000
0.699060000000
0.700050000000
0.899050000000
0.499700000000
0.700630000000
0.699900000000
0.500750000000
0.300110000000
0.300650000000
0.069030000000
0.298320000000
0.098020000000
0.499060000000
0.300730000000
0.499800000000
0.299570000000
0.900420000000
0.299820000000
0.301970000000
0.299790000000
0.500830000000
0.498880000000
0.499440000000
0.300720000000
0.298100000000
0.699140000000
0.299210000000
0.297640000000
0.098320000000
0.899810000000
0.100050000000
0.699890000000
0.299680000000
0.698850000000
0.296850000000
0.500850000000
0.299610000000
0.700280000000
0.699770000000
0.499040000000
0.498890000000
0.296530000000
0.099500000000
0.100080000000
0.299840000000
0.299770000000
0.100500000000
0.899030000000
0.900050000000
0.701150000000
0.301000000000
0.699480000000
0.699370000000
0.499120000000
0.298970000000
0.700100000000
0.100660000000
0.700510000000
0.697860000000
0.299300000000
0.099820000000
0.897520000000
0.104580000000
0.700250000000
0.699010000000
0.300940000000
0.700740000000
0.897220000000
0.098200000000
0.099440000000
0.899880000000
0.700810000000
0.100250000000
0.498830000000
0.699190000000
0.500160000000
0.499180000000
0.500320000000
0.298490000000
0.900270000000
0.100170000000
0.501700000000
0.700310000000
0.900150000000
0.408550000000
0.901340000000
0.103850000000
0.299890000000
0.100140000000
0.501180000000
0.500500000000
0.499780000000
0.499340000000
0.100560000000
0.897470000000
0.499560000000
0.698700000000
0.698670000000
0.501930000000
0.300350000000
0.293610000000
0.099740000000
0.700080000000
0.101030000000
0.497920000000
0.101160000000
0.099280000000
0.901030000000
0.298760000000
0.100600000000
0.498930000000
0.299660000000
0.899820000000
0.700130000000
0.299340000000
0.700190000000
0.700150000000
0.298950000000
0.098820000000
0.503780000000
0.699340000000
0.300120000000
0.500290000000
0.304500000000
0.485160000000
0.499720000000
0.301330000000
0.296920000000
0.302370000000
0.101370000000
0.700090000000
0.499100000000
0.698510000000
0.699930000000
0.501660000000
0.099600000000
0.698630000000
0.700240000000
0.101050000000
0.503950000000
0.699570000000
0.300050000000
0.501990000000
0.697790000000
0.699750000000
0.498180000000
0.702920000000
0.897160000000
0.311230000000
0.300250000000
0.101230000000
0.299480000000
0.699820000000
0.701650000000
0.300610000000
0.701810000000
0.099360000000
0.300970000000
0.300070000000
0.697450000000
0.502690000000
0.911250000000
0.104030000000
0.500080000000
0.299850000000
0.100220000000
0.299110000000
0.696470000000
0.499020000000
0.104420000000
0.102790000000
0.694000000000
0.697460000000
0.300310000000
0.299900000000
0.501460000000
0.300360000000
0.701330000000
0.097070000000
0.500940000000
0.698060000000
0.299490000000
0.499850000000
0.900680000000
0.700550000000
0.300100000000
0.102570000000
0.901330000000
0.100950000000
0.301880000000
0.497570000000
0.098150000000
0.700140000000
0.500920000000
0.700220000000
0.899660000000
0.101140000000
0.497100000000
0.100700000000
0.698180000000
0.302870000000
0.298060000000
0.296960000000
0.700600000000
0.701040000000
0.977340000000
0.099060000000
0.301370000000
0.500220000000
0.499350000000
0.499170000000
0.500200000000
0.902760000000
0.500370000000
0.499290000000
0.990470000000
0.100990000000
0.299880000000
0.899200000000
0.694740000000
0.300340000000
0.299040000000
0.899040000000
0.300980000000
0.901860000000
0.903790000000
0.700320000000
0.099660000000
0.297860000000
0.098720000000
0.299910000000
0.301250000000
0.292070000000
0.298510000000
0.994580000000
0.003480000000
0.100070000000
0.900070000000
0.699390000000
0.102690000000
0.499910000000
0.697300000000
0.900600000000
0.899610000000
0.699920000000
0.099640000000
0.301620000000
0.099800000000
0.499770000000
0.699530000000
0.698970000000
0.099490000000
0.699780000000
0.699240000000
0.099510000000
0.901100000000
0.498730000000
0.898190000000
0.299710000000
0.500650000000
0.099450000000
0.900870000000
0.703220000000
0.697900000000
0.300670000000
0.298670000000
0.299270000000
0.499540000000
0.500190000000
0.501140000000
0.501680000000
0.301510000000
0.900200000000
0.699130000000
0.301600000000
0.300750000000
0.297410000000
0.501690000000
0.808570000000
0.895860000000
0.497140000000
0.495430000000
0.499640000000
0.500420000000
0.900240000000
0.898450000000
0.098480000000
0.698590000000
0.900810000000
0.700540000000
0.100520000000
0.299870000000
0.789070000000
0.499810000000
0.296230000000
0.504250000000
0.499900000000
0.299650000000
0.500870000000
0.101660000000
0.101870000000
0.702650000000
0.301300000000
0.099690000000
0.099620000000
0.698790000000
0.299200000000
0.101000000000
0.900540000000
0.700450000000
0.698640000000
0.299920000000
0.698750000000
0.500330000000
0.098160000000
0.102050000000
0.300420000000
0.499830000000
0.300800000000
0.499280000000
0.098890000000
0.499190000000
0.099380000000
0.499870000000
0.504730000000
0.100240000000
0.500210000000
0.499300000000
0.099190000000
0.099910000000
0.901060000000
0.499760000000
0.097830000000
0.100930000000
0.498780000000
0.900080000000
0.300600000000
0.296600000000
0.701640000000
0.298740000000
0.701700000000
0.297240000000
0.697260000000
0.501530000000
0.900100000000
0.300290000000
0.500680000000
0.495310000000
0.097690000000
0.098580000000
0.099700000000
0.901850000000
0.496690000000
0.699630000000
0.700790000000
0.499580000000
0.498920000000
0.500580000000
0.701690000000
0.499130000000
0.501300000000
0.498870000000
0.100860000000
0.501320000000
0.902380000000
0.500800000000
0.301560000000
0.096460000000
0.100200000000
0.704550000000
0.700180000000
0.299520000000
0.500350000000
0.296070000000
0.099840000000
0.501160000000
0.296110000000
0.883270000000
0.899340000000
0.500710000000
0.298840000000
0.497600000000
0.500430000000
0.302250000000
0.100400000000
0.301580000000
0.698710000000
0.504920000000
0.295910000000
0.299050000000
0.500240000000
0.498200000000
0.899220000000
0.499790000000
0.499920000000
0.499430000000
0.496980000000
0.501400000000
0.898000000000
0.500550000000
0.501060000000
0.700210000000
0.499420000000
0.899330000000
0.905070000000
0.098590000000
0.303780000000
0.500890000000
0.698130000000
0.498010000000
0.101260000000
0.300280000000
0.101400000000
0.504220000000
0.699350000000
0.898780000000
0.900630000000
0.300490000000
0.299230000000
0.501360000000
0.497410000000
0.699720000000
0.099590000000
0.098900000000
0.700300000000
0.102150000000
0.101330000000
0.703690000000
0.909730000000
0.099260000000
0.500250000000
0.900560000000
0.497660000000
0.300540000000
0.503600000000
0.300630000000
0.699360000000
0.498990000000
0.899090000000
0.699000000000
0.302340000000
0.298430000000
0.099030000000
0.900800000000
0.698610000000
0.699520000000
0.298350000000
0.703640000000
0.099830000000
0.300270000000
0.300180000000
0.496300000000
0.303680000000
0.100750000000
0.496530000000
0.099670000000
0.897380000000
0.098870000000
0.299540000000
0.498670000000
0.700390000000
0.210920000000
0.701380000000
0.499600000000
0.699200000000
0.301430000000
0.701730000000
0.902130000000
0.901470000000
0.493200000000
0.100430000000
0.300590000000
0.101010000000
0.500690000000
0.701080000000
0.701370000000
0.707190000000
0.302960000000
0.297660000000
0.301550000000
0.900970000000
0.104180000000
0.101910000000
0.690150000000
0.499450000000
0.700330000000
0.101340000000
0.499150000000
0.301220000000
0.900450000000
0.900310000000
0.500140000000
0.701170000000
0.299740000000
0.498280000000
0.098800000000
0.499270000000
0.300320000000
0.698040000000
0.900230000000
0.900390000000
0.299690000000
0.298570000000
0.700170000000
0.298830000000
0.497180000000
0.301350000000
0.304820000000
0.099850000000
0.500840000000
0.698910000000
0.706530000000
0.501840000000
0.100820000000
0.700270000000
0.701210000000
0.301160000000
0.099760000000
0.694440000000
0.496560000000
0.698100000000
0.700890000000
0.900840000000
0.698500000000
0.292840000000
0.101240000000
0.299330000000
0.497530000000
0.499230000000
0.498230000000
0.300580000000
0.698520000000
0.499500000000
0.098860000000
0.703970000000
0.497280000000
0.702190000000
0.101020000000
0.500440000000
0.696790000000
0.300440000000
0.297350000000
0.298170000000
0.498530000000
0.300900000000
0.299280000000
0.903490000000
0.902580000000
0.299140000000
0.699090000000
0.500700000000
0.500090000000
0.901410000000
0.898560000000
0.299450000000
0.697700000000
0.698450000000
0.695510000000
0.300850000000
0.101380000000
0.902210000000
0.100800000000
0.495200000000
0.898600000000
0.698090000000
0.298870000000
0.302830000000
0.499110000000
0.699870000000
0.500180000000
0.099770000000
0.696930000000
0.699150000000
0.995670000000
0.102680000000
0.699470000000
0.101760000000
0.705280000000
0.298650000000
0.100420000000
0.300170000000
0.099930000000
0.500950000000
0.496440000000
0.297840000000
0.900990000000
0.700260000000
0.501110000000
0.098810000000
0.500560000000
0.302420000000
0.300480000000
0.300300000000
0.100510000000
0.895970000000
0.101550000000
0.899370000000
0.700800000000
0.205590000000
0.708040000000
0.295610000000
0.698920000000
0.499160000000
0.699670000000
0.698010000000
0.094340000000
0.697970000000
0.700920000000
0.099240000000
0.300200000000
0.099270000000
0.501900000000
0.302540000000
0.301990000000
0.500150000000
0.094600000000
0.501120000000
0.695090000000
0.497680000000
0.499210000000
0.301270000000
0.301020000000
0.700500000000
0.093880000000
0.502870000000
0.500410000000
0.102020000000
0.497040000000
0.498790000000
0.498740000000
0.698000000000
0.697570000000
0.299160000000
0.299760000000
0.295750000000
0.303580000000
0.102140000000
0.899180000000
0.899900000000
0.098120000000
0.500860000000
0.901250000000
0.898860000000
0.299390000000
0.899730000000
0.498370000000
0.298580000000
0.703060000000
0.699440000000
0.899890000000
0.700060000000
0.300140000000
0.699560000000
0.298640000000
0.899400000000
0.299190000000
0.100920000000
0.698540000000
0.100490000000
0.105140000000
0.500130000000
0.301090000000
0.300220000000
0.499090000000
0.503190000000
0.099870000000
0.302470000000
0.899670000000
0.902250000000
0.098270000000
0.499400000000
0.901350000000
0.695230000000
0.900470000000
0.699730000000
0.298890000000
0.701200000000
0.700410000000
0.300560000000
0.300370000000
0.700730000000
0.900340000000
0.296220000000
0.500470000000
0.499250000000
0.100900000000
0.500260000000
0.497850000000
0.498140000000
0.497810000000
0.897980000000
0.098440000000
0.499680000000
0.299370000000
0.700710000000
0.898060000000
0.699600000000
0.501870000000
0.298530000000
0.698350000000
0.899620000000
0.101220000000
0.900060000000
0.498500000000
0.501090000000
0.901530000000
0.499620000000
0.494680000000
0.700910000000
0.899940000000
0.698360000000
0.098740000000
0.700520000000
0.702090000000
