-3.395120000000,-3.317310000000
0.162880000000,3.781510000000
-2.184980000000,1.687050000000
-4.395450000000,-2.323850000000
4.152290000000,4.457590000000
-0.499700000000,-4.012600000000
4.210220000000,0.579520000000
-2.184980000000,2.674710000000
-2.433850000000,-2.297920000000
-4.395440000000,-4.309810000000
1.790090000000,1.580520000000
2.833640000000,-4.012600000000
-0.500290000000,-1.417080000000
2.728780000000,-1.540110000000
-0.415440000000,0.287880000000
3.034750000000,1.562090000000
-0.936700000000,4.403100000000
4.203660000000,1.517420000000
-2.432350000000,-1.317060000000
-3.131490000000,3.950430000000
2.710130000000,-1.502670000000
3.045920000000,2.479660000000
-4.407210000000,-1.330780000000
4.141260000000,2.477010000000
-2.514200000000,3.072510000000
0.241050000000,-4.012600000000
2.068440000000,2.031510000000
-1.353230000000,-4.256570000000
-4.777580000000,1.687050000000
1.439030000000,-0.619820000000
2.088330000000,-1.502310000000
-3.406300000000,-1.358110000000
-3.407790000000,-2.325350000000
3.987430000000,-0.584770000000
-1.481480000000,3.674040000000
0.160690000000,2.057420000000
2.082660000000,4.608860000000
-3.433270000000,4.403100000000
2.116400000000,1.143680000000
-2.270800000000,-0.410870000000
1.722530000000,-4.012600000000
0.814560000000,2.043710000000
-3.392120000000,-1.358210000000
4.149200000000,4.459290000000
-2.434290000000,-3.300060000000
4.177360000000,3.458970000000
3.973200000000,-1.506880000000
0.974590000000,4.403100000000
-4.395440000000,-3.313010000000
1.443610000000,-0.619820000000
-2.433850000000,-3.285570000000
-4.408190000000,-0.411710000000
-0.616630000000,3.950430000000
1.440990000000,2.029990000000
3.309680000000,-0.604580000000
-3.753340000000,4.855780000000
1.132680000000,-1.049630000000
3.309690000000,-0.603050000000
0.819130000000,2.043710000000
-4.393490000000,3.950430000000
3.301100000000,0.312950000000
-1.363890000000,-3.271860000000
1.763180000000,2.521970000000
-4.064270000000,4.403100000000
0.583980000000,-1.790370000000
1.759560000000,-0.186120000000
2.832330000000,-4.017590000000
-3.126360000000,3.936950000000
-3.406290000000,-1.356890000000
0.188130000000,0.287880000000
-0.291980000000,2.674710000000
-3.429810000000,4.403650000000
5.000000000000,0.517200000000
2.373260000000,0.688730000000
3.101810000000,4.413260000000
-1.446200000000,-1.388000000000
3.975230000000,-1.506880000000
-1.561550000000,4.400020000000
1.150470000000,1.543440000000
2.073510000000,0.275680000000
-4.407210000000,1.687050000000
0.603000000000,-4.013040000000
1.763700000000,-1.049640000000
1.722530000000,-2.901490000000
0.241050000000,-1.420000000000
3.289620000000,-0.543780000000
-3.131490000000,4.855610000000
2.376390000000,-0.193060000000
-4.398350000000,1.690500000000
0.240500000000,-1.433690000000
1.787770000000,1.637080000000
0.495200000000,1.579530000000
-3.385380000000,-3.334860000000
-4.529650000000,1.691500000000
1.133110000000,-0.178510000000
2.699510000000,-0.615250000000
2.699450000000,0.285840000000
-2.432270000000,-1.320560000000
1.115430000000,-0.144190000000
0.602900000000,-4.011120000000
3.016540000000,-1.072500000000
1.761060000000,2.476570000000
2.833350000000,-4.753480000000
-2.184980000000,3.538910000000
1.759540000000,0.699400000000
1.111770000000,3.378870000000
-2.433850000000,-3.313010000000
2.380960000000,-1.063350000000
2.463270000000,-4.012600000000
0.817180000000,-1.461160000000
-4.407210000000,0.575940000000
-2.815990000000,4.403100000000
-2.433850000000,-2.325350000000
-2.433850000000,-4.300320000000
1.442510000000,1.161220000000
-3.131490000000,3.045080000000
0.817630000000,-0.619840000000
3.314240000000,-1.503440000000
1.134630000000,-0.178520000000
1.757750000000,1.595730000000
-3.748770000000,3.950430000000
3.059130000000,3.422050000000
0.162210000000,2.057280000000
-3.131490000000,4.851210000000
0.478400000000,0.608110000000
-1.250950000000,4.841570000000
-3.395110000000,-3.317310000000
0.162880000000,3.781520000000
4.203650000000,1.517420000000
2.070460000000,1.165790000000
-2.431680000000,-1.321650000000
2.068430000000,2.031510000000
1.448180000000,-1.461160000000
-4.395440000000,-2.323830000000
0.640810000000,4.842070000000
-1.855770000000,3.086230000000
0.503630000000,0.699400000000
-0.127370000000,1.604750000000
-1.363890000000,-4.259510000000
2.700020000000,-0.615250000000
4.210230000000,0.579520000000
-1.481470000000,3.674020000000
0.805410000000,2.921620000000
4.177360000000,3.458980000000
1.165730000000,0.748740000000
3.313750000000,-1.502310000000
-2.185020000000,4.403160000000
-4.395550000000,-3.313000000000
-2.184980000000,0.946310000000
3.045930000000,2.479620000000
3.309680000000,-0.603060000000
-1.446270000000,-1.389690000000
-4.395440000000,-4.305240000000
0.817670000000,-0.620350000000
4.152290000000,4.457580000000
-4.064270000000,3.542020000000
-3.421510000000,-4.300660000000
2.079180000000,-1.502310000000
3.034750000000,1.562240000000
2.074610000000,-0.619820000000
-3.416930000000,-4.300660000000
2.371230000000,1.582900000000
0.819130000000,1.152070000000
0.241060000000,-4.012580000000
-1.474240000000,1.739330000000
2.083750000000,-1.502310000000
2.346340000000,3.401730000000
1.134630000000,0.699400000000
-0.113650000000,0.699400000000
3.026620000000,0.666880000000
3.015010000000,-1.072500000000
-2.430760000000,-1.319030000000
2.363100000000,2.479110000000
0.818650000000,-0.619660000000
-2.433850000000,-2.284200000000
-1.247630000000,4.842060000000
5.000000000000,4.458510000000
-1.855640000000,3.088710000000
-0.500740000000,-3.999400000000
1.116920000000,1.623140000000
2.710180000000,-1.502310000000
1.131580000000,0.699400000000
-4.073420000000,4.403100000000
1.459110000000,1.226360000000
-2.431900000000,-1.317040000000
-2.433850000000,-3.299290000000
2.373260000000,0.689750000000
-2.509630000000,3.950430000000
-3.405790000000,-1.355510000000
1.765190000000,0.708300000000
-4.077990000000,4.403100000000
-2.434790000000,-4.299070000000
-4.077990000000,1.687050000000
-0.499700000000,-2.531120000000
-2.173760000000,2.743150000000
0.812720000000,0.299880000000
1.763680000000,-1.049630000000
-0.458540000000,-1.420010000000
-3.296100000000,-0.411710000000
-1.484240000000,-3.281520000000
1.762160000000,-1.049630000000
-2.514200000000,3.086230000000
-4.402640000000,-1.330550000000
0.613370000000,3.977860000000
-2.433850000000,-3.284560000000
1.440980000000,0.269580000000
-1.446200000000,-1.392580000000
0.501680000000,-1.049630000000
-4.395540000000,-2.322370000000
0.325300000000,4.389390000000
0.611420000000,-4.012600000000
0.162890000000,3.781510000000
4.203640000000,1.517420000000
-4.036840000000,1.687050000000
-4.407210000000,-0.411710000000
-4.395440000000,-2.324870000000
2.360940000000,-1.014930000000
0.503630000000,-0.178520000000
3.020600000000,-0.208300000000
1.723870000000,-4.012130000000
-4.151560000000,1.686850000000
0.489910000000,2.468950000000
-2.802270000000,2.674710000000
1.134630000000,0.699590000000
-2.433850000000,-4.300660000000
-1.481460000000,3.674020000000
-2.431900000000,-1.318060000000
-2.431880000000,-1.317060000000
2.075040000000,3.753810000000
-0.458540000000,-1.420000000000
2.074610000000,-0.615250000000
0.805410000000,2.921590000000
1.761060000000,2.473520000000
3.972670000000,-1.506900000000
3.026620000000,0.666890000000
-0.416960000000,-0.644910000000
2.073510000000,3.753810000000
3.958470000000,-2.407660000000
1.439370000000,0.272600000000
-2.512680000000,3.950430000000
-4.402880000000,1.690580000000
1.757740000000,1.595740000000
-2.184960000000,4.402980000000
1.439640000000,0.269600000000
-3.406150000000,-1.357710000000
-4.407210000000,3.045080000000
-1.445750000000,-1.296570000000
-0.616770000000,3.950830000000
-4.395440000000,-2.323850000000
-3.131500000000,4.855730000000
3.301080000000,0.312940000000
1.134610000000,-0.178530000000
-2.432390000000,-1.358210000000
5.000000000000,-4.013220000000
1.133110000000,-0.178520000000
-0.498170000000,-1.420000000000
5.000000000000,3.467980000000
-1.444240000000,-0.535170000000
-0.744660000000,-0.164800000000
-4.398060000000,-1.330780000000
-4.393490000000,4.855780000000
1.461900000000,-1.461160000000
0.172670000000,2.052840000000
-1.445810000000,-1.392740000000
3.973710000000,-1.506880000000
3.944750000000,-4.012600000000
-1.855900000000,3.086270000000
1.130060000000,2.478090000000
2.699910000000,-0.615250000000
-1.444240000000,-0.411710000000
-1.486920000000,-1.392550000000
-4.405710000000,-1.329230000000
-0.500940000000,-4.014570000000
-2.802270000000,3.538910000000
0.818660000000,-0.620890000000
-1.445640000000,-1.301730000000
-4.695270000000,2.674710000000
-1.567700000000,2.674710000000
0.174580000000,1.165330000000
-3.296100000000,1.687050000000
1.267230000000,4.846630000000
-2.185900000000,3.538950000000
0.817660000000,-0.619490000000
4.203660000000,1.517440000000
-2.185100000000,0.946390000000
2.834210000000,-4.012650000000
-0.744660000000,0.699400000000
4.177370000000,3.458970000000
-1.487350000000,-2.284200000000
2.708660000000,-1.502310000000
3.987420000000,-0.584760000000
1.439650000000,0.269550000000
4.210210000000,0.579500000000
-1.197120000000,2.180080000000
3.059250000000,3.422090000000
1.442470000000,1.161410000000
-4.393770000000,-3.312840000000
3.306250000000,-0.560760000000
-2.308440000000,-0.411710000000
4.543740000000,-1.511450000000
-1.874060000000,4.842060000000
-2.431900000000,-1.317060000000
2.074610000000,-0.618300000000
-0.821690000000,1.689090000000
-4.394920000000,-2.323850000000
1.442510000000,1.162720000000
-0.499700000000,-3.024940000000
3.574380000000,-4.012600000000
3.975240000000,-1.506840000000
-1.860340000000,3.950430000000
-3.392120000000,-1.349070000000
-3.791890000000,4.818670000000
-3.405830000000,-1.358210000000
3.106740000000,4.417790000000
-1.489740000000,-2.281120000000
-1.476940000000,3.675360000000
3.034740000000,1.562240000000
-1.445800000000,-1.392590000000
1.448200000000,-1.461410000000
1.134630000000,1.591030000000
0.664670000000,4.803150000000
2.363100000000,2.479620000000
-2.308440000000,-0.535170000000
2.373260000000,0.689240000000
-1.197330000000,2.057420000000
-2.433850000000,-4.259510000000
-0.621200000000,3.086230000000
1.722530000000,-1.913830000000
-0.621200000000,4.842060000000
-4.395440000000,-2.324850000000
-0.950420000000,3.538910000000
-2.513960000000,3.046800000000
1.134140000000,-0.178520000000
4.152290000000,4.457600000000
-3.707620000000,3.045080000000
5.000000000000,3.467480000000
3.972690000000,-1.506880000000
1.758690000000,0.699580000000
-1.446200000000,-1.383420000000
0.819130000000,1.155120000000
2.080850000000,-0.591440000000
0.200290000000,-0.617980000000
-4.695270000000,4.403100000000
-4.395440000000,-2.322310000000
3.034750000000,1.562070000000
-2.925730000000,1.687050000000
0.188250000000,1.164560000000
3.045930000000,2.479790000000
3.059190000000,3.422050000000
3.020090000000,-0.207960000000
0.225790000000,-0.564410000000
-3.419550000000,2.674710000000
4.210230000000,0.579500000000
4.141160000000,2.478270000000
-3.131490000000,4.855780000000
1.440480000000,0.269590000000
2.071990000000,2.907900000000
4.203670000000,1.517420000000
1.133980000000,-0.212510000000
-2.186820000000,1.691880000000
1.759560000000,-0.185970000000
3.945100000000,-4.009140000000
1.381710000000,-0.634050000000
-0.461160000000,-1.420220000000
2.831840000000,-4.012800000000
2.056560000000,0.215170000000
0.000660000000,3.168540000000
-0.499700000000,-3.271860000000
-2.432350000000,-1.317040000000
-4.407210000000,-1.344500000000
-2.180610000000,1.686650000000
-4.395410000000,-2.325350000000
1.704070000000,-4.028120000000
0.492190000000,-1.049670000000
0.197270000000,0.287880000000
0.817610000000,-0.621370000000
2.082430000000,-0.569630000000
2.799620000000,-4.011700000000
0.611420000000,-3.271860000000
3.987400000000,-0.585100000000
2.693680000000,2.053870000000
-3.296120000000,1.687070000000
4.209710000000,0.552340000000
3.123420000000,1.478190000000
0.493940000000,1.604760000000
1.352160000000,-4.012600000000
4.233830000000,-1.113650000000
0.640800000000,4.842060000000
-1.446200000000,-1.392570000000
3.327470000000,-2.407660000000
-2.433850000000,-2.320780000000
-3.407360000000,-1.358210000000
-3.757490000000,3.950810000000
-1.363530000000,-3.273220000000
2.335040000000,-1.093550000000
-2.514170000000,3.081610000000
1.423490000000,0.236590000000
-1.446200000000,-1.406290000000
3.020220000000,1.658180000000
-1.446200000000,-1.378850000000
3.628760000000,-1.918200000000
-2.433850000000,-2.293350000000
0.611420000000,-1.790370000000
-0.908380000000,4.377300000000
-1.446200000000,-1.301120000000
3.975240000000,-1.507900000000
-3.419550000000,3.538910000000
0.009800000000,4.845110000000
-1.240440000000,-4.259510000000
0.200340000000,-0.617410000000
1.736240000000,-1.913830000000
-3.395120000000,-3.317300000000
2.073540000000,0.275690000000
-4.036830000000,1.687050000000
-4.394930000000,-2.324360000000
0.162870000000,3.781500000000
1.105950000000,0.723950000000
-0.607480000000,3.086230000000
-1.481480000000,3.674020000000
2.699630000000,-0.615070000000
-3.131480000000,4.851200000000
3.059300000000,3.422050000000
-0.499700000000,-4.382970000000
-1.444240000000,0.699400000000
-2.392700000000,-4.300660000000
1.765170000000,1.570330000000
-4.410540000000,1.678310000000
1.102680000000,2.465650000000
0.009800000000,4.842060000000
-4.068840000000,4.403100000000
2.833640000000,-3.271860000000
2.363100000000,2.478600000000
1.759540000000,0.699910000000
-2.435470000000,-3.284510000000
-4.406820000000,-1.330560000000
-1.445340000000,-1.389790000000
-4.039080000000,2.675480000000
-1.567680000000,2.674660000000
-0.099940000000,-0.164800000000
3.972210000000,-1.506880000000
-3.395100000000,-3.317310000000
3.045920000000,2.479780000000
0.200370000000,-0.617240000000
-2.310360000000,-0.414460000000
1.722530000000,-3.271860000000
3.313740000000,-1.502300000000
1.484250000000,-0.644000000000
-4.654120000000,1.687050000000
3.016530000000,-1.072500000000
2.699440000000,0.285840000000
1.763510000000,-1.049730000000
1.440990000000,0.269590000000
2.463270000000,-2.901490000000
3.019380000000,0.635410000000
4.203670000000,1.517430000000
-2.308960000000,-0.449790000000
-4.395440000000,-2.325370000000
-2.498620000000,3.952340000000
2.376390000000,-0.193080000000
0.818680000000,-0.613770000000
-2.303490000000,-0.411670000000
2.998250000000,-1.913830000000
-4.407190000000,1.687390000000
-0.499200000000,-1.420020000000
-2.514200000000,3.045080000000
1.759540000000,0.700920000000
-4.387560000000,4.854490000000
-2.500490000000,3.950430000000
-3.748770000000,3.086230000000
0.818700000000,-0.619850000000
-2.179870000000,1.698990000000
1.759560000000,-0.185610000000
-1.480840000000,3.674890000000
-2.184980000000,1.687060000000
-3.165340000000,4.000980000000
0.174410000000,1.179510000000
-4.395340000000,-2.324380000000
3.059250000000,3.422050000000
1.155480000000,0.665670000000
-1.363890000000,-2.284200000000
3.313750000000,-1.503310000000
0.805380000000,2.921620000000
-0.499700000000,-1.420000000000
-3.407830000000,-4.300540000000
4.152300000000,4.457580000000
-1.448930000000,-1.294170000000
0.819130000000,0.260440000000
-3.131490000000,3.086090000000
2.095330000000,2.061730000000
1.759560000000,-0.185960000000
-0.952350000000,1.811450000000
-2.433430000000,-2.288770000000
-1.238480000000,3.086230000000
-0.499690000000,-4.003460000000
-0.950420000000,2.674710000000
0.499100000000,1.591200000000
-1.197330000000,2.098580000000
-4.416860000000,1.688940000000
3.945340000000,-4.020470000000
0.501500000000,-1.049620000000
0.200330000000,-0.617450000000
1.761060000000,2.475040000000
-1.471990000000,1.687570000000
-0.499700000000,-2.160750000000
-2.433970000000,-3.285370000000
3.309650000000,-0.604580000000
1.454110000000,0.282500000000
1.439460000000,0.269590000000
-4.409730000000,4.027870000000
0.499310000000,2.475960000000
0.605640000000,-4.013910000000
1.440980000000,0.269640000000
-2.473050000000,3.086230000000
-0.498250000000,-3.271480000000
-1.445750000000,-1.296530000000
2.055770000000,-1.601510000000
0.785440000000,0.275770000000
1.760050000000,0.700420000000
3.020090000000,-0.208130000000
3.015520000000,-1.072500000000
2.363100000000,2.479450000000
2.699450000000,0.285850000000
4.151670000000,3.471570000000
-0.415440000000,0.327490000000
-1.445820000000,-1.392970000000
0.162870000000,3.781510000000
3.026640000000,0.666880000000
2.710180000000,-1.502870000000
1.103420000000,-0.192970000000
4.141250000000,2.477010000000
-4.407210000000,-0.411720000000
-1.446200000000,-1.296570000000
-0.621210000000,3.950480000000
2.373270000000,0.688720000000
-2.433900000000,-3.285660000000
1.443610000000,-0.619830000000
4.177350000000,3.458970000000
1.759540000000,-0.185970000000
3.987350000000,-0.584770000000
1.809420000000,1.661320000000
1.716980000000,-4.023460000000
-4.392460000000,4.855300000000
-4.395790000000,-4.309810000000
-3.406000000000,-1.341140000000
1.129950000000,2.473090000000
-0.500350000000,-4.014050000000
1.134130000000,-0.178510000000
2.380550000000,-1.063150000000
-0.500630000000,-4.008350000000
0.188130000000,0.246720000000
-1.487350000000,-2.407660000000
-2.308440000000,-0.411720000000
2.699430000000,0.285850000000
-4.394990000000,-2.323830000000
0.503250000000,-0.178570000000
3.580060000000,-4.013350000000
2.079790000000,-1.502210000000
-2.433840000000,-3.313010000000
0.009800000000,3.168540000000
-2.802260000000,3.538900000000
-1.445750000000,-1.305710000000
1.502690000000,-0.610120000000
3.016250000000,-1.073000000000
0.200330000000,-0.618830000000
-4.395440000000,-4.314380000000
0.201360000000,-0.617450000000
3.627640000000,0.629450000000
2.376370000000,-0.193060000000
0.188260000000,1.165670000000
3.034750000000,1.562130000000
-2.432550000000,-2.298110000000
1.731670000000,-1.913830000000
-3.407790000000,-2.324340000000
-3.296090000000,-0.411710000000
0.499390000000,1.604780000000
-1.450480000000,3.732550000000
3.972170000000,-1.506880000000
1.134650000000,2.487220000000
-4.774010000000,1.686290000000
1.139400000000,0.710680000000
-0.495460000000,-4.012920000000
-2.816020000000,4.402590000000
-1.487350000000,-3.271860000000
-4.407210000000,2.057420000000
2.710180000000,-2.407660000000
4.215540000000,-0.321590000000
-0.460890000000,-1.420000000000
-4.395100000000,-2.322140000000
2.110210000000,-0.566790000000
0.488590000000,0.701450000000
1.769150000000,1.601880000000
-2.433520000000,-2.297810000000
1.442380000000,1.161260000000
-0.621090000000,3.950410000000
0.819130000000,0.274160000000
-1.445690000000,-1.392580000000
-4.405700000000,-1.330710000000
4.232820000000,-2.778030000000
1.688990000000,1.633600000000
1.134180000000,-0.178510000000
4.213220000000,0.585710000000
-3.406430000000,-1.357880000000
1.759690000000,0.699380000000
1.267370000000,4.846120000000
0.188130000000,1.179510000000
-0.496250000000,-4.012390000000
1.130650000000,-0.219790000000
-4.036840000000,2.674710000000
2.375330000000,0.684390000000
-1.240440000000,-4.136050000000
-2.221230000000,-0.416530000000
3.574430000000,-4.012600000000
5.000000000000,4.470270000000
2.071960000000,2.907900000000
-2.433820000000,-4.300340000000
-3.407790000000,-4.300660000000
2.834220000000,-4.011460000000
2.699540000000,-0.615210000000
3.020090000000,-0.208300000000
5.000000000000,-4.012430000000
3.309660000000,-0.603070000000
-1.873920000000,4.842110000000
-2.432740000000,-3.299450000000
-1.444240000000,-0.164800000000
-0.456590000000,1.193230000000
-1.447510000000,1.691180000000
1.759370000000,-1.050550000000
-2.500500000000,3.950430000000
-1.481460000000,3.674040000000
0.188130000000,1.165790000000
-1.197850000000,2.141790000000
2.720130000000,-0.635920000000
-4.393430000000,4.854300000000
4.141260000000,2.477020000000
-3.296100000000,-0.411720000000
-4.395460000000,-2.322460000000
3.045930000000,2.479810000000
0.200360000000,-0.617520000000
3.059150000000,3.422050000000
1.439370000000,-0.619900000000
4.177370000000,3.458960000000
-4.404160000000,-1.330780000000
4.006590000000,-1.442170000000
-2.195050000000,4.367430000000
-3.419550000000,-1.358210000000
-1.448140000000,-1.308140000000
3.016580000000,-1.072470000000
1.440860000000,0.269590000000
2.827810000000,-3.271390000000
1.138300000000,1.657130000000
-3.294220000000,-0.407070000000
-1.487340000000,-3.271870000000
1.751020000000,-1.047330000000
1.759540000000,0.700420000000
-4.331280000000,3.962790000000
-1.444200000000,-0.411360000000
-4.695270000000,3.538910000000
2.380960000000,-1.913830000000
3.949910000000,-4.008460000000
1.442360000000,1.161210000000
1.134110000000,-0.178480000000
-4.064270000000,3.538910000000
-0.502860000000,-4.010520000000
3.020100000000,-0.208300000000
-4.530660000000,1.687050000000
0.503630000000,-0.178510000000
-4.064620000000,4.403000000000
5.000000000000,1.497100000000
-3.131420000000,3.046110000000
-0.416530000000,-0.620490000000
0.162880000000,3.781540000000
0.188600000000,1.164380000000
2.693850000000,2.053870000000
-3.131480000000,3.950430000000
-2.433850000000,-2.311640000000
-1.445750000000,-1.392570000000
-2.394200000000,-4.299840000000
2.092900000000,-4.012600000000
3.045930000000,2.479630000000
-3.131470000000,3.954050000000
-4.406170000000,-1.330800000000
3.247180000000,-1.553680000000
0.816080000000,2.043710000000
-3.405790000000,-1.359650000000
1.134170000000,-0.178510000000
4.264760000000,1.474490000000
-2.431890000000,-1.326200000000
-3.296100000000,0.575940000000
3.301100000000,0.312940000000
-2.514200000000,3.950430000000
0.503630000000,1.604750000000
2.363040000000,2.478600000000
-0.456590000000,2.057420000000
-0.129320000000,-1.049640000000
-1.906400000000,3.913580000000
2.109890000000,1.170900000000
0.200320000000,-0.617450000000
-0.936690000000,4.403100000000
-0.327690000000,2.702590000000
-2.434230000000,-4.298810000000
3.295670000000,-0.578720000000
-2.432310000000,-1.357700000000
-2.202210000000,1.673520000000
-3.406320000000,-1.357340000000
-4.407070000000,2.057260000000
0.161700000000,2.056500000000
4.145650000000,4.450660000000
2.700530000000,-0.615250000000
-2.433990000000,-2.317600000000
3.020040000000,-0.208300000000
-2.500840000000,4.842020000000
-1.444430000000,-0.288250000000
0.188570000000,1.165640000000
3.291260000000,-0.581450000000
0.163780000000,2.050730000000
1.427470000000,0.245110000000
-4.404640000000,-1.330720000000
-1.481460000000,3.674030000000
-2.433750000000,-2.284160000000
-4.076560000000,1.676510000000
-2.308300000000,-0.497600000000
3.958540000000,-2.407540000000
0.162890000000,3.781520000000
2.373240000000,0.689240000000
3.045920000000,2.479630000000
3.973550000000,-1.511460000000
0.503590000000,0.699340000000
-4.395430000000,-2.323820000000
-2.432010000000,-1.314530000000
-1.524150000000,3.803120000000
3.019900000000,0.682270000000
-1.363550000000,-3.271340000000
-0.457750000000,-1.419550000000
5.000000000000,2.479220000000
-3.419510000000,3.538940000000
0.817660000000,-0.621350000000
-0.500880000000,-4.008960000000
-2.434130000000,-4.298020000000
1.763470000000,-1.049660000000
-2.431450000000,-1.330630000000
1.130060000000,2.473520000000
2.699430000000,0.285840000000
-4.405410000000,1.690250000000
0.817580000000,-0.620350000000
1.439030000000,-1.461160000000
-0.301130000000,4.403100000000
0.036730000000,3.127380000000
3.081160000000,0.692270000000
1.775100000000,1.498900000000
0.200320000000,-0.617470000000
0.529110000000,-1.790370000000
4.237420000000,-1.909360000000
-4.037800000000,2.674630000000
-1.519330000000,4.408290000000
1.134140000000,-0.178510000000
-2.431910000000,-1.356670000000
2.193040000000,-3.875850000000
-2.500610000000,4.846730000000
-1.481490000000,3.674010000000
1.191220000000,1.636150000000
-4.077990000000,3.538910000000
1.134630000000,0.699570000000
0.162870000000,3.781490000000
1.100320000000,1.587690000000
-1.561540000000,4.400020000000
-3.433240000000,4.403080000000
3.287160000000,-1.448770000000
0.817610000000,2.043710000000
-0.458660000000,-1.420060000000
1.445940000000,1.163980000000
2.082660000000,4.608870000000
0.807280000000,1.188130000000
1.742730000000,0.756640000000
-0.612050000000,3.950430000000
1.121020000000,-0.267210000000
-1.485850000000,-1.393080000000
4.210230000000,0.579510000000
-0.500740000000,-4.012670000000
-4.395450000000,-4.312880000000
-4.065800000000,4.403100000000
4.117810000000,2.423040000000
3.973650000000,-1.506880000000
2.094410000000,1.181820000000
0.197310000000,0.287670000000
0.764010000000,-1.438640000000
-3.392120000000,-1.358200000000
-5.000000000000,4.845510000000
5.000000000000,0.516310000000
-2.433890000000,-3.309960000000
3.292060000000,-1.449950000000
2.068760000000,2.031500000000
-5.000000000000,4.855820000000
-2.501440000000,4.851260000000
0.242440000000,-4.012960000000
-2.184980000000,4.403100000000
-4.408230000000,1.687040000000
1.134130000000,-0.178520000000
1.805240000000,1.581400000000
3.313760000000,-1.502320000000
-2.433740000000,-2.282800000000
-1.444240000000,1.687050000000
-3.408240000000,-2.325490000000
1.740130000000,0.745630000000
-0.415440000000,-0.644910000000
4.141250000000,2.477020000000
0.822680000000,0.212510000000
-1.479710000000,3.673250000000
-2.431890000000,-1.317060000000
0.175040000000,1.179900000000
-3.433260000000,4.403040000000
2.079710000000,-1.501930000000
1.744070000000,1.631800000000
0.818690000000,-0.619960000000
1.443610000000,-0.621360000000
-2.184980000000,-0.411710000000
0.773480000000,1.156350000000
2.703980000000,-0.648630000000
1.754970000000,3.388000000000
-2.431910000000,-1.358160000000
3.310190000000,-0.604580000000
3.574380000000,-3.765680000000
-1.363530000000,-2.284470000000
1.136710000000,2.440260000000
0.450510000000,2.595910000000
0.241050000000,-4.012610000000
-4.036540000000,1.688190000000
-3.406210000000,-1.359730000000
3.101920000000,4.413260000000
1.443610000000,-0.622870000000
-2.241190000000,4.370910000000
3.315310000000,-1.502320000000
0.325410000000,4.389540000000
0.494650000000,1.603960000000
1.443600000000,-0.620120000000
1.759060000000,-1.049640000000
-4.420920000000,1.683480000000
1.422700000000,2.921620000000
2.112440000000,-0.586280000000
1.108770000000,3.383460000000
1.459380000000,1.196610000000
3.973670000000,-1.506920000000
0.516960000000,1.606950000000
-4.395430000000,-2.324850000000
-3.296100000000,0.946310000000
-0.415440000000,-0.617470000000
1.495740000000,1.155170000000
1.730060000000,-2.913460000000
1.439460000000,0.272640000000
-1.463350000000,3.499950000000
0.200340000000,-0.617450000000
-4.407190000000,-1.344480000000
-0.937130000000,4.403080000000
1.399840000000,3.799540000000
-2.461500000000,-3.177200000000
-2.500490000000,4.846630000000
0.818690000000,-0.621380000000
2.073510000000,0.275180000000
2.831550000000,-4.009430000000
-2.432340000000,-1.317060000000
2.082820000000,4.608900000000
-2.433860000000,-3.300350000000
-4.395470000000,-2.323850000000
0.325210000000,4.389410000000
-3.131710000000,3.058670000000
-2.810630000000,3.539030000000
0.174800000000,2.075780000000
-3.407250000000,-1.344500000000
1.754960000000,3.386490000000
3.026620000000,0.666900000000
5.000000000000,-4.012520000000
-1.481490000000,3.674020000000
-1.487380000000,-2.283870000000
-1.362830000000,-4.246730000000
-1.486860000000,-1.392590000000
2.708770000000,-1.502560000000
1.785210000000,1.671500000000
-2.444010000000,-4.300770000000
-4.394990000000,-2.322310000000
0.200340000000,-0.617960000000
-1.445810000000,-1.298210000000
1.440980000000,2.029990000000
-2.308100000000,-0.439610000000
3.318160000000,-1.502330000000
3.296580000000,-0.572030000000
-2.500490000000,4.851210000000
3.629230000000,-1.086150000000
-2.435670000000,-4.299720000000
-0.485980000000,-1.420000000000
4.234340000000,-1.113650000000
-1.363890000000,-4.136050000000
-2.184580000000,1.684000000000
1.439010000000,-0.619830000000
-1.485840000000,-1.301130000000
0.635620000000,4.783410000000
-2.308440000000,-0.494020000000
3.976810000000,-1.506920000000
1.133110000000,0.699400000000
1.134630000000,0.699410000000
-4.053500000000,1.691330000000
0.503290000000,-0.178820000000
-4.395060000000,-2.323720000000
-2.434830000000,-4.301180000000
3.313790000000,-1.502820000000
2.833640000000,-4.753340000000
-1.481480000000,3.674030000000
-0.619650000000,3.950250000000
2.696390000000,1.184080000000
0.492530000000,-1.049630000000
1.763670000000,-1.049630000000
2.701040000000,-0.615250000000
-4.407210000000,0.699400000000
-2.816000000000,4.403100000000
-1.363950000000,-4.259520000000
2.090080000000,1.191580000000
1.442460000000,1.161210000000
2.373320000000,0.688730000000
-0.458140000000,-1.420210000000
3.987420000000,-0.584770000000
-0.507900000000,-4.017870000000
3.034750000000,1.562190000000
-0.950310000000,3.539990000000
1.439460000000,0.271110000000
1.751330000000,1.660710000000
-2.434470000000,-3.312820000000
-2.517110000000,3.045540000000
4.203660000000,1.517430000000
2.073560000000,0.271160000000
-0.296030000000,2.672720000000
0.818630000000,-0.620020000000
-1.238480000000,3.127380000000
1.134120000000,-0.178510000000
3.059140000000,3.422050000000
-2.432340000000,-1.357860000000
-2.429690000000,-1.340350000000
2.125930000000,-0.559350000000
-2.433440000000,-2.310010000000
-2.393550000000,-4.301700000000
0.818680000000,-0.615420000000
-1.481470000000,3.674030000000
-3.395100000000,-3.317300000000
4.206060000000,0.571720000000
3.972180000000,-1.506880000000
-2.185040000000,4.402930000000
-1.197330000000,2.180880000000
-4.395440000000,-2.325350000000
-4.160290000000,1.687050000000
1.134180000000,-0.178520000000
-1.516810000000,3.598950000000
-2.434420000000,-3.313220000000
-4.407420000000,-1.330810000000
2.371550000000,3.404850000000
1.464690000000,0.234940000000
0.817660000000,-0.619820000000
0.009710000000,3.168220000000
-4.395440000000,-4.311330000000
3.322870000000,-2.407440000000
1.753850000000,1.598900000000
0.727590000000,3.959670000000
0.160680000000,2.057390000000
1.738570000000,-1.107860000000
1.762350000000,-1.049650000000
-0.305540000000,4.403240000000
-1.553980000000,2.674710000000
1.759490000000,-0.185950000000
-0.499700000000,-4.259510000000
0.609670000000,-3.238940000000
1.063060000000,1.613820000000
0.817630000000,-0.622890000000
1.440990000000,0.272640000000
-2.500340000000,3.950210000000
-4.406720000000,-1.344670000000
0.818650000000,-0.623940000000
-3.405800000000,-1.358210000000
1.757750000000,1.595740000000
1.147980000000,2.417540000000
-1.485900000000,-1.384850000000
4.141250000000,2.477000000000
-4.064330000000,4.403130000000
3.973710000000,-1.506890000000
0.612610000000,-1.781340000000
-2.433370000000,-3.312840000000
1.134620000000,1.590980000000
3.045940000000,2.479620000000
-2.190190000000,4.388200000000
3.020590000000,-0.208300000000
-2.433580000000,-1.322280000000
0.241040000000,-1.421930000000
2.833640000000,-4.003450000000
3.972190000000,-1.506880000000
-2.815910000000,4.403020000000
4.210450000000,0.580040000000
-3.392810000000,-1.357680000000
-2.433800000000,-3.311480000000
-2.514210000000,3.082950000000
0.818680000000,-0.620000000000
-4.395450000000,-2.323840000000
4.027510000000,0.384090000000
1.267230000000,4.845110000000
1.131570000000,0.744000000000
1.119260000000,1.579570000000
2.376410000000,-0.193050000000
-3.405940000000,-1.344690000000
-0.499700000000,-3.271870000000
1.440480000000,0.271110000000
3.624090000000,1.536330000000
-2.392170000000,-3.322630000000
2.082130000000,0.226420000000
-2.433510000000,-2.297920000000
-2.500480000000,4.846630000000
-4.395390000000,-4.314380000000
-4.654350000000,1.686030000000
2.073460000000,0.275690000000
5.000000000000,-4.011490000000
-2.433100000000,-2.284470000000
-4.393970000000,-3.312770000000
0.309060000000,4.404020000000
-2.513540000000,3.049180000000
1.133820000000,1.610490000000
3.301140000000,0.312940000000
-1.364030000000,-4.261270000000
0.196910000000,0.287910000000
1.122010000000,-1.049630000000
-4.033770000000,1.682980000000
-3.407570000000,-1.358190000000
1.133180000000,-0.203690000000
2.834420000000,-4.017050000000
-0.499690000000,-4.012600000000
3.268270000000,-0.591960000000
3.059520000000,3.423200000000
-2.886400000000,1.731710000000
-4.407300000000,-2.324780000000
-0.715870000000,-0.165550000000
-2.308080000000,-0.411660000000
3.615530000000,-2.901490000000
5.000000000000,-4.012340000000
-1.444690000000,-0.175050000000
-0.099940000000,0.699400000000
-0.416960000000,-0.617470000000
-1.446220000000,-1.406300000000
3.975220000000,-1.506860000000
0.325300000000,4.393960000000
-1.864890000000,3.950350000000
4.117190000000,2.481970000000
0.817660000000,-0.619990000000
-2.500710000000,3.950450000000
0.062370000000,4.754080000000
0.187720000000,1.162800000000
-0.319520000000,4.344230000000
3.285220000000,1.243520000000
1.111760000000,3.383560000000
-3.392220000000,-1.358480000000
-4.393470000000,3.950420000000
1.443600000000,-0.623380000000
1.091180000000,1.552610000000
2.832970000000,-4.013770000000
5.000000000000,4.462480000000
-2.434910000000,-4.300390000000
-0.458290000000,-1.420540000000
1.762160000000,-1.054210000000
3.988760000000,-0.584840000000
2.710200000000,-1.502290000000
-1.487350000000,-1.392590000000
1.443700000000,-0.619490000000
-1.445340000000,1.687120000000
1.759540000000,-0.186120000000
-1.446150000000,-1.392580000000
-0.047120000000,4.016350000000
0.160700000000,2.057440000000
0.179300000000,-0.638460000000
3.315270000000,-1.502310000000
0.817690000000,-0.619970000000
-4.407210000000,3.950430000000
3.987410000000,-0.584770000000
0.819570000000,2.043990000000
2.586720000000,-4.012660000000
0.200340000000,-0.617470000000
0.515390000000,-1.049630000000
-3.421150000000,-4.300050000000
0.125770000000,-0.603990000000
-1.566670000000,2.676340000000
-1.362520000000,-3.284030000000
0.163860000000,3.783710000000
-2.433960000000,-2.288820000000
-2.185320000000,0.942000000000
1.134640000000,-0.178520000000
-2.816110000000,4.403100000000
3.045930000000,2.479670000000
-2.308440000000,-0.452860000000
1.439470000000,0.269630000000
3.011960000000,-1.913830000000
-1.583090000000,4.409210000000
3.286100000000,-1.567560000000
0.503710000000,1.604760000000
1.759540000000,0.701000000000
-3.419550000000,3.538900000000
2.833640000000,-3.024910000000
3.095000000000,1.530880000000
-2.433550000000,-2.297310000000
-2.431940000000,-1.317060000000
4.030640000000,-1.486820000000
-3.405840000000,-1.358190000000
0.469560000000,0.753950000000
1.151560000000,1.562640000000
1.759540000000,-0.186130000000
-1.481450000000,3.674050000000
1.757740000000,1.595820000000
-4.395500000000,-2.324850000000
-2.434030000000,-2.287980000000
5.000000000000,0.517420000000
-2.305330000000,-0.452640000000
1.134120000000,-0.178520000000
-2.432400000000,-1.330740000000
3.101820000000,4.413260000000
4.203650000000,1.517430000000
2.837490000000,-4.014330000000
-3.406710000000,-1.357340000000
-1.894490000000,4.854170000000
4.169760000000,0.514570000000
1.394230000000,-0.649020000000
3.045930000000,2.479730000000
-4.037720000000,1.700280000000
-0.462470000000,-0.715200000000
-2.433110000000,-3.284980000000
1.169290000000,2.541270000000
-4.395480000000,-2.322360000000
1.108010000000,3.382080000000
0.187010000000,-0.653470000000
2.066590000000,0.201650000000
3.301040000000,0.312940000000
-3.392570000000,-1.358320000000
1.795640000000,1.600500000000
-1.486900000000,-1.392570000000
-0.621200000000,3.950430000000
-3.405880000000,-1.345860000000
-2.471780000000,4.845740000000
0.161560000000,3.785420000000
1.267490000000,4.846630000000
0.499060000000,1.591030000000
2.699510000000,-0.613720000000
0.817630000000,-0.619990000000
1.103920000000,0.679720000000
-3.384310000000,-3.344410000000
-3.405760000000,-1.344510000000
-2.229840000000,2.624260000000
3.973710000000,-1.506870000000
5.000000000000,-4.012500000000
-3.480090000000,-2.458670000000
2.094950000000,0.257080000000
-4.036830000000,2.674840000000
-4.395440000000,-2.324340000000
1.570960000000,4.441790000000
-4.395440000000,-3.313520000000
-2.332080000000,-1.183240000000
-4.379770000000,3.950430000000
2.075800000000,-0.613520000000
-2.438200000000,-4.300540000000
2.836910000000,-4.008690000000
-1.355020000000,-4.262950000000
-4.407030000000,-1.330790000000
2.385360000000,-1.070510000000
-2.188860000000,4.407190000000
1.763680000000,-1.049580000000
-2.505060000000,3.950430000000
-0.113650000000,-0.164800000000
0.818670000000,-0.615300000000
-4.402660000000,-1.330540000000
-2.431900000000,-1.316890000000
-4.406230000000,3.057250000000
-4.777170000000,1.687170000000
2.073510000000,0.275690000000
-1.480890000000,1.745290000000
-2.433330000000,-3.309970000000
-1.446180000000,-1.392580000000
-0.991570000000,1.810510000000
2.070460000000,1.165780000000
2.073550000000,0.274580000000
0.611420000000,-3.024940000000
-1.354200000000,-3.273340000000
3.314370000000,-1.502200000000
-1.484190000000,3.669270000000
0.819130000000,1.156650000000
1.110240000000,3.378890000000
-2.501510000000,4.851390000000
3.059140000000,3.422060000000
-2.184950000000,0.946260000000
-1.481480000000,3.674010000000
1.267260000000,4.846520000000
0.162880000000,3.781500000000
0.818720000000,0.274250000000
-4.402630000000,-1.330780000000
-0.701250000000,0.569540000000
-3.405830000000,-1.344500000000
-2.434870000000,-4.302030000000
-0.503810000000,-4.014940000000
1.110360000000,3.378870000000
-1.446180000000,-1.392560000000
1.134950000000,-0.221010000000
2.363090000000,2.479110000000
2.074740000000,-0.615300000000
-1.351760000000,-4.135560000000
-2.185700000000,4.403050000000
-2.392270000000,-1.316890000000
0.160520000000,3.781300000000
-3.434810000000,4.392930000000
-1.445960000000,-1.390720000000
-2.812940000000,4.403100000000
2.710230000000,-1.502270000000
1.148890000000,-0.227380000000
-2.505110000000,3.950430000000
-4.067670000000,4.402990000000
-1.474130000000,3.675170000000
2.050680000000,-0.655090000000
-1.446200000000,-1.380380000000
3.101300000000,4.412760000000
1.705900000000,-1.089490000000
0.241050000000,-1.420010000000
1.133620000000,0.691510000000
1.442480000000,1.161270000000
-2.184660000000,2.674630000000
-1.196480000000,2.098440000000
1.130860000000,-0.178850000000
-2.433850000000,-3.276430000000
2.073510000000,0.275350000000
2.372210000000,1.458090000000
2.097040000000,0.225880000000
5.000000000000,-4.013670000000
-4.395440000000,-4.310820000000
3.328610000000,-1.510420000000
0.819240000000,0.261090000000
2.363110000000,2.479090000000
3.849170000000,-0.529200000000
3.944750000000,-4.753340000000
-1.855730000000,3.085910000000
-4.067310000000,4.403110000000
3.972670000000,-1.506890000000
-2.184980000000,-0.288250000000
1.763120000000,-1.049600000000
4.543750000000,-1.511440000000
2.070650000000,0.330910000000
1.164660000000,1.572710000000
2.388630000000,2.529610000000
-1.486860000000,-1.392570000000
0.162150000000,2.057380000000
5.000000000000,2.489270000000
1.447570000000,1.174410000000
1.755200000000,-4.012150000000
0.817670000000,-0.615310000000
-1.445750000000,-1.298070000000
-4.402600000000,-1.344500000000
1.745660000000,1.567180000000
1.402530000000,2.013160000000
-2.514200000000,3.058800000000
1.134600000000,0.699400000000
4.143330000000,2.477130000000
0.974590000000,4.403150000000
0.879080000000,-0.667570000000
0.615550000000,-4.006730000000
2.829680000000,-4.013800000000
-2.429690000000,-2.302540000000
1.127050000000,0.773000000000
3.973930000000,-1.506870000000
2.382890000000,1.593280000000
-3.757920000000,4.855780000000
-2.434100000000,-2.311530000000
-1.444240000000,-0.288250000000
1.190430000000,0.729010000000
2.087290000000,1.176650000000
2.831950000000,-4.011060000000
-2.431830000000,-1.327920000000
-4.395220000000,-3.313020000000
3.987430000000,-0.584780000000
0.162870000000,3.781520000000
0.161710000000,2.057420000000
-4.394930000000,-2.323830000000
4.151720000000,4.457820000000
0.471890000000,-0.272020000000
-2.433510000000,-2.298100000000
1.267220000000,4.846740000000
-1.166270000000,1.171360000000
1.113200000000,-0.221080000000
-2.500480000000,4.851390000000
0.492780000000,0.739400000000
-0.100280000000,0.699640000000
3.313770000000,-1.502320000000
-1.445710000000,-1.298090000000
1.756360000000,0.702140000000
0.498980000000,1.604880000000
-2.431900000000,-1.326200000000
1.753530000000,1.642160000000
-0.129320000000,-1.049630000000
3.578650000000,-4.022350000000
1.747480000000,1.643760000000
2.699530000000,-0.615310000000
-3.410310000000,-1.358330000000
2.051970000000,1.198860000000
3.324130000000,-0.658810000000
-4.404140000000,-1.330770000000
-2.186480000000,1.691970000000
2.082490000000,4.608880000000
3.310190000000,-0.603060000000
-4.073430000000,4.403100000000
-2.431900000000,-1.344490000000
1.451710000000,1.157820000000
-2.433730000000,-4.299620000000
-4.397270000000,3.950030000000
0.851950000000,-1.445540000000
-3.380520000000,-3.284700000000
-3.298620000000,1.687690000000
-3.406130000000,-1.356870000000
5.000000000000,4.462680000000
1.790990000000,1.616040000000
-4.405910000000,-1.330940000000
2.705610000000,-1.502310000000
0.827190000000,0.300780000000
-2.431890000000,-1.358190000000
-4.407210000000,-1.330430000000
-2.186700000000,1.686130000000
1.439030000000,-0.621350000000
-2.815990000000,4.403070000000
1.466400000000,-1.461130000000
0.817670000000,-0.619820000000
-2.433400000000,-2.286080000000
2.070470000000,1.165830000000
1.443560000000,-0.620340000000
-2.433850000000,-3.299300000000
-2.432380000000,-1.311320000000
-3.421390000000,-4.300720000000
4.234230000000,-1.113650000000
0.162860000000,3.781500000000
-2.433110000000,-2.294730000000
4.196380000000,0.561030000000
-2.802080000000,1.686700000000
3.301030000000,0.312940000000
-2.308400000000,-0.452610000000
1.759550000000,-0.186110000000
-2.488830000000,4.845750000000
-3.420300000000,-4.299790000000
-2.432270000000,-1.316790000000
-1.446200000000,-1.383430000000
-3.449970000000,4.402950000000
-4.405450000000,-1.330850000000
-3.412360000000,-4.300660000000
-1.521740000000,3.662220000000
-0.502450000000,-4.024130000000
3.026570000000,0.670330000000
2.388300000000,0.658290000000
5.000000000000,0.516490000000
0.527790000000,0.669420000000
0.797470000000,0.274960000000
-1.444240000000,0.822860000000
0.501680000000,-1.049640000000
-3.418670000000,-1.357870000000
-0.498970000000,-2.161260000000
-1.446200000000,-2.284200000000
0.119970000000,2.843740000000
0.499060000000,1.604750000000
-2.433990000000,-2.297910000000
-1.195860000000,2.181170000000
2.363080000000,2.479500000000
3.629300000000,-1.918370000000
4.685490000000,-4.012600000000
-1.484090000000,-1.392240000000
5.000000000000,2.477650000000
-4.406990000000,-1.329430000000
-1.419050000000,-0.165660000000
-2.500480000000,4.851250000000
1.123130000000,1.605990000000
1.121990000000,-0.167750000000
-4.736420000000,1.687050000000
-1.446240000000,-1.298250000000
-0.209680000000,2.551250000000
1.759110000000,-1.051090000000
0.178310000000,3.852070000000
-0.414930000000,0.286190000000
0.084130000000,3.801010000000
3.972200000000,-1.506890000000
2.717060000000,-1.494470000000
2.806160000000,-3.982410000000
-2.433890000000,-2.297890000000
0.188130000000,1.152070000000
-2.311570000000,-0.412090000000
5.000000000000,-4.015620000000
1.753980000000,1.647880000000
2.395710000000,-0.992560000000
-4.395500000000,-3.313070000000
-2.433850000000,-2.287250000000
-4.068840000000,4.402880000000
3.309720000000,-0.603050000000
0.818650000000,-0.619840000000
3.327530000000,-2.407670000000
2.699440000000,0.285890000000
-0.291980000000,3.538910000000
-2.514210000000,3.045450000000
0.187450000000,1.165620000000
2.709600000000,-4.021990000000
-1.445310000000,-1.392000000000
3.054510000000,0.643340000000
1.749960000000,-1.913830000000
2.074630000000,-0.614870000000
-3.370220000000,-1.113920000000
-1.487140000000,-4.263060000000
-2.299810000000,-0.496550000000
-0.373630000000,-1.467370000000
-1.073870000000,-0.535170000000
-0.950430000000,1.687090000000
2.101060000000,0.268480000000
-2.184980000000,0.699400000000
0.613370000000,3.977920000000
1.759560000000,0.700900000000
-3.131920000000,3.045700000000
1.722530000000,-4.008020000000
2.044400000000,0.239910000000
-1.486840000000,-1.378860000000
-2.500340000000,3.950410000000
-1.156180000000,2.057420000000
3.296330000000,-0.576010000000
0.817620000000,-0.621370000000
-0.499140000000,-4.017230000000
-4.387290000000,-2.316340000000
2.068460000000,2.031520000000
-0.499040000000,-2.165130000000
1.132810000000,0.700340000000
3.059270000000,3.422050000000
0.162880000000,3.781490000000
1.443550000000,-0.619870000000
-4.402630000000,-1.330740000000
-4.034030000000,1.715980000000
-1.481470000000,3.674010000000
1.461520000000,-1.460720000000
0.817670000000,-1.456620000000
5.000000000000,-4.012400000000
2.833640000000,-2.901490000000
-0.415440000000,-0.576300000000
-3.405910000000,-1.357810000000
2.036260000000,-0.598220000000
4.273970000000,-2.819180000000
3.016710000000,-1.072690000000
0.201360000000,-0.617300000000
5.000000000000,1.498140000000
-2.922590000000,1.687840000000
0.157160000000,3.788780000000
3.020090000000,-0.208140000000
-2.309440000000,-0.423800000000
0.183630000000,-0.584640000000
-2.431900000000,-1.317030000000
-4.064350000000,3.538530000000
4.088230000000,-0.476590000000
1.763300000000,-1.913210000000
-3.392510000000,-1.353530000000
0.188370000000,1.152020000000
-3.392120000000,-1.344500000000
5.000000000000,-0.462770000000
-0.616800000000,3.950410000000
2.322190000000,1.511580000000
-2.433850000000,-3.271860000000
-2.193860000000,0.947800000000
0.325390000000,4.393950000000
-1.277220000000,-4.257940000000
3.974010000000,-1.506710000000
5.000000000000,4.463040000000
-2.434390000000,-1.317460000000
-4.036670000000,1.686880000000
-2.431710000000,-1.319080000000
2.999850000000,-0.193460000000
0.164450000000,3.781550000000
-1.372400000000,-4.258400000000
-2.212750000000,4.361560000000
-1.447660000000,-1.296890000000
1.440990000000,0.269580000000
0.463680000000,-0.193590000000
3.020100000000,-0.208290000000
1.443860000000,0.273720000000
-2.431880000000,-1.357330000000
3.102440000000,4.413660000000
-1.446740000000,-1.301290000000
3.987430000000,-0.584760000000
2.070380000000,1.165810000000
-0.499930000000,-1.419470000000
4.215540000000,-0.321430000000
1.763180000000,-1.049590000000
1.759550000000,-0.186120000000
-2.171740000000,1.684700000000
2.373270000000,0.688740000000
-0.826960000000,1.687050000000
0.494490000000,1.604750000000
-1.486610000000,3.666800000000
4.201340000000,1.514090000000
-3.395100000000,-3.317260000000
1.439050000000,-0.619990000000
-2.294380000000,-0.411260000000
-1.570950000000,4.430480000000
2.833180000000,-4.025770000000
2.051920000000,0.267320000000
2.695880000000,1.183570000000
-1.480270000000,3.673470000000
4.178730000000,3.462580000000
-2.433790000000,-4.259090000000
-1.487340000000,-4.259560000000
0.189540000000,0.287850000000
2.371230000000,1.583420000000
-3.405830000000,-1.330780000000
-4.395450000000,-4.305290000000
0.831880000000,0.288760000000
0.464730000000,1.542550000000
-2.435070000000,-4.259580000000
4.173430000000,3.467720000000
-3.131490000000,3.086230000000
-2.183150000000,1.691120000000
-0.415890000000,-0.617470000000
1.722530000000,-4.588730000000
-0.499030000000,-2.163400000000
-2.433850000000,-4.273230000000
-2.433890000000,-3.298660000000
1.799130000000,1.577210000000
-1.197680000000,2.180570000000
2.833640000000,-3.024940000000
4.562030000000,-2.435090000000
-2.185030000000,3.538900000000
1.439470000000,0.269590000000
-3.395120000000,-3.317290000000
4.152280000000,4.457580000000
1.759540000000,0.699880000000
-2.460980000000,4.813160000000
-0.982710000000,2.728130000000
1.133180000000,-0.178510000000
-3.406380000000,-1.354800000000
1.118730000000,0.741270000000
-1.446200000000,-1.389520000000
-4.395560000000,-3.313160000000
-2.431660000000,-1.313470000000
1.639680000000,-4.052420000000
0.818570000000,-0.614910000000
2.071990000000,2.907910000000
3.309630000000,-0.604570000000
-1.443670000000,-0.288660000000
-4.395450000000,-2.324340000000
-2.184610000000,1.685300000000
-2.815980000000,4.403110000000
-2.433920000000,-2.284410000000
-3.296140000000,-0.412170000000
1.134530000000,0.699400000000
-3.390530000000,-3.275560000000
-3.133470000000,3.950860000000
3.871610000000,-3.641500000000
2.367440000000,3.369780000000
-1.445750000000,-1.301120000000
-3.160160000000,3.985380000000
-1.446280000000,-1.393180000000
4.204260000000,1.514010000000
0.501670000000,-1.049750000000
-3.418490000000,-1.358250000000
1.174710000000,0.658240000000
-3.405830000000,-1.353640000000
3.313750000000,-1.502650000000
1.402990000000,0.281430000000
1.442510000000,1.162240000000
-0.498910000000,-4.015620000000
0.819110000000,1.156660000000
0.162890000000,3.781500000000
5.000000000000,-4.012410000000
-4.406860000000,1.689460000000
2.701030000000,-0.614740000000
-4.388920000000,4.855780000000
4.141770000000,2.477160000000
-4.407110000000,-1.330780000000
-1.481770000000,3.669310000000
2.380920000000,-1.063370000000
-2.432160000000,-1.318910000000
0.486470000000,-1.153520000000
-2.186400000000,1.687890000000
1.440490000000,0.269590000000
0.187950000000,1.152130000000
1.439370000000,-0.619950000000
1.267220000000,4.846650000000
-1.444680000000,-1.309730000000
1.740300000000,-0.232620000000
-4.405890000000,-1.330450000000
2.957100000000,-2.901490000000
0.193370000000,0.283410000000
-2.500490000000,3.950180000000
-3.410660000000,-2.325050000000
2.315380000000,3.392300000000
1.129390000000,0.716880000000
2.118870000000,-0.516360000000
-3.406350000000,-1.344700000000
0.499200000000,1.591350000000
2.381690000000,-1.912400000000
1.111910000000,3.379050000000
2.045580000000,-0.568460000000
2.837850000000,-4.010930000000
0.489910000000,1.604750000000
-3.407580000000,-1.357870000000
1.134240000000,-0.179340000000
0.570260000000,-1.790370000000
2.412960000000,-1.124540000000
-3.407800000000,-2.325340000000
-4.410560000000,1.685410000000
3.572360000000,-2.902120000000
1.759550000000,0.699450000000
4.136960000000,0.587310000000
-0.113690000000,-0.167830000000
1.134610000000,1.591010000000
-4.395510000000,-4.305230000000
1.444210000000,-0.677100000000
-1.444700000000,-1.392790000000
-2.392470000000,-4.299430000000
1.131320000000,-0.204760000000
-0.385900000000,-1.511300000000
-1.482780000000,-4.255750000000
0.503070000000,-1.080430000000
1.130130000000,2.477870000000
2.710180000000,-2.531120000000
-3.392260000000,-1.358330000000
-2.393660000000,-4.299770000000
5.000000000000,2.477880000000
-3.405700000000,-1.358240000000
4.237250000000,-1.903310000000
0.597700000000,-1.790370000000
-2.393020000000,-4.303710000000
-3.407050000000,-1.358400000000
3.009910000000,0.677890000000
-2.197290000000,1.691660000000
-2.431850000000,-1.318300000000
-4.395790000000,-4.309940000000
-2.433850000000,-2.288770000000
0.819130000000,0.274150000000
4.027500000000,0.384090000000
2.373280000000,0.688790000000
2.056990000000,0.307300000000
5.000000000000,1.494690000000
-1.445920000000,-1.407990000000
1.443600000000,-0.619840000000
-2.183900000000,1.687060000000
0.818440000000,1.161750000000
2.044380000000,-1.597640000000
1.444040000000,1.161220000000
3.313740000000,-1.502290000000
-2.392700000000,-4.259510000000
1.114420000000,-0.245030000000
-3.405770000000,-1.358180000000
2.347760000000,-0.174650000000
3.285220000000,1.243690000000
0.192700000000,0.287880000000
-3.395130000000,-3.317300000000
-2.505000000000,3.950400000000
1.800020000000,1.619420000000
1.439130000000,-0.620160000000
3.972190000000,-1.506860000000
-0.498570000000,-4.006860000000
-1.485830000000,-1.392570000000
3.020090000000,-0.208250000000
-1.444300000000,-1.383420000000
-2.433910000000,-3.313050000000
-2.430630000000,-1.312340000000
-1.373040000000,-4.263940000000
3.987260000000,-0.584770000000
-4.406870000000,1.686560000000
2.371230000000,1.583410000000
3.574380000000,-4.259510000000
2.092740000000,-0.698110000000
2.376400000000,-0.193070000000
-0.416080000000,-0.575290000000
5.000000000000,-4.013010000000
-3.131300000000,3.950420000000
-3.405710000000,-1.344510000000
-3.131460000000,3.086770000000
5.000000000000,2.480200000000
3.016540000000,-1.067920000000
1.759610000000,-0.186100000000
-3.712200000000,3.044950000000
3.313750000000,-1.503830000000
-1.445180000000,-1.382260000000
1.763680000000,-1.913830000000
-2.431880000000,-1.344490000000
-2.199720000000,4.431410000000
2.835760000000,-4.011580000000
0.817620000000,-0.620330000000
3.099920000000,-2.048030000000
-3.407840000000,-2.325190000000
2.710280000000,-1.502280000000
4.215550000000,-0.321580000000
0.239970000000,-1.420340000000
-1.444460000000,-1.384680000000
1.763680000000,-1.051160000000
-2.433990000000,-2.289420000000
2.074330000000,2.027320000000
3.944570000000,-4.012700000000
-2.185000000000,4.403110000000
1.759580000000,-0.185960000000
-3.406880000000,-1.353550000000
-0.496650000000,-1.420000000000
4.210220000000,0.579500000000
2.083650000000,-1.499290000000
0.611420000000,-2.901490000000
-1.445750000000,-1.301140000000
2.068430000000,2.031520000000
-4.405680000000,-1.330780000000
-2.392700000000,-4.273230000000
0.487960000000,-4.012600000000
-1.445960000000,-1.380430000000
3.986190000000,-2.422650000000
2.825150000000,-4.099920000000
-2.305220000000,-0.415610000000
0.819140000000,2.043770000000
3.020600000000,-0.207790000000
4.562030000000,-2.421380000000
1.135360000000,1.622490000000
2.074240000000,2.038620000000
-1.481450000000,3.674020000000
-2.833690000000,4.438150000000
3.101810000000,4.413250000000
3.987370000000,-0.584770000000
-2.434030000000,-3.308690000000
-4.395440000000,-2.324000000000
0.974600000000,4.403110000000
-0.301150000000,4.400080000000
1.134620000000,0.699410000000
2.072810000000,1.196060000000
0.499060000000,1.600180000000
3.259860000000,-0.541790000000
0.494150000000,1.604280000000
-2.433670000000,-3.312800000000
0.517960000000,-0.198060000000
-0.499550000000,-3.271840000000
0.818710000000,-0.619810000000
-1.445750000000,-0.424100000000
-2.815990000000,4.403110000000
0.641220000000,4.842180000000
-3.422870000000,-4.300610000000
2.839460000000,-4.008630000000
3.302700000000,-0.636520000000
-2.432340000000,-1.317050000000
1.444040000000,1.161210000000
0.816150000000,-1.456520000000
5.000000000000,-4.012360000000
2.070470000000,1.165790000000
-5.000000000000,4.855870000000
0.500220000000,-1.049900000000
3.572090000000,-4.013630000000
-2.180970000000,1.690280000000
2.073530000000,0.275660000000
-2.315880000000,-0.409120000000
-2.514190000000,3.054340000000
-0.621210000000,4.842570000000
-2.436280000000,-3.302770000000
-0.415870000000,-0.631200000000
3.309700000000,-0.604610000000
3.976630000000,-1.506860000000
3.627220000000,-0.244370000000
2.075030000000,3.753830000000
4.235860000000,-2.778720000000
0.188680000000,0.287460000000
2.380600000000,0.659390000000
1.443590000000,-0.619820000000
0.162890000000,3.781530000000
-0.200400000000,3.355780000000
-4.398060000000,-1.344500000000
3.574380000000,-4.012590000000
2.111140000000,0.264690000000
3.045930000000,2.479610000000
-3.131390000000,3.950410000000
0.818990000000,1.152550000000
1.759550000000,-0.185950000000
0.613110000000,-1.791940000000
-1.567150000000,2.675730000000
-4.073830000000,4.400870000000
-0.459710000000,-1.420380000000
-2.433400000000,-1.315690000000
2.371220000000,1.582930000000
-2.431890000000,-1.317030000000
-2.432350000000,-1.349070000000
-4.402630000000,3.950430000000
-1.478530000000,3.667320000000
1.799180000000,1.522330000000
-2.500500000000,4.846510000000
-4.395440000000,-2.322480000000
-2.433860000000,-2.325330000000
3.944750000000,-3.271860000000
0.494480000000,1.604750000000
0.188060000000,1.152230000000
-1.479810000000,3.675370000000
4.144370000000,2.478930000000
-4.395170000000,-2.324970000000
-3.118650000000,4.858740000000
3.018320000000,-1.050380000000
-2.431900000000,-1.358210000000
1.440500000000,0.269610000000
0.325310000000,4.389390000000
2.043020000000,0.322410000000
4.027520000000,0.384090000000
-3.405970000000,-1.353610000000
1.108720000000,3.378870000000
-3.405830000000,-1.357030000000
-4.407210000000,3.086230000000
3.026120000000,2.483300000000
3.026680000000,0.666880000000
-4.395310000000,-4.309890000000
-2.433560000000,-2.297670000000
-2.187730000000,1.554850000000
4.233160000000,-2.778970000000
-4.407660000000,-1.330420000000
0.174580000000,1.165430000000
2.372980000000,0.690930000000
1.804340000000,-1.112910000000
-1.490430000000,-2.284580000000
5.000000000000,-4.011400000000
-2.184080000000,4.403630000000
2.090840000000,0.285050000000
-2.437040000000,-4.299460000000
-3.482800000000,4.409900000000
2.394020000000,2.535070000000
0.160690000000,2.054380000000
-3.123630000000,3.959840000000
2.348020000000,3.439060000000
3.045940000000,2.479630000000
-0.600430000000,3.003400000000
0.817630000000,-0.615250000000
0.503160000000,0.701060000000
-4.407140000000,-1.344430000000
-2.433860000000,-3.312980000000
-3.162050000000,4.830990000000
0.579180000000,-4.015330000000
4.065000000000,-1.433820000000
-1.536780000000,3.555400000000
2.073510000000,0.274670000000
2.042000000000,-0.587430000000
-3.392250000000,-1.356490000000
0.818640000000,-0.621350000000
4.177370000000,3.458980000000
-2.802530000000,2.675750000000
4.210210000000,0.579520000000
-2.179940000000,1.689190000000
1.444800000000,1.167080000000
-1.561610000000,4.450910000000
-3.395110000000,-3.317300000000
0.818680000000,-0.619840000000
2.700010000000,-0.615250000000
-1.445750000000,-1.296720000000
-3.131530000000,4.855670000000
1.745850000000,1.578020000000
-2.432920000000,-1.317600000000
-4.393920000000,-2.323830000000
-4.395440000000,-2.325360000000
1.134130000000,-0.178480000000
4.118700000000,1.405710000000
1.136270000000,0.703110000000
1.443660000000,-0.619840000000
-4.407240000000,3.046600000000
-0.498470000000,-4.015330000000
-4.393780000000,-3.313220000000
-1.445750000000,-1.298090000000
4.035420000000,2.449170000000
-2.815740000000,4.403070000000
2.371060000000,1.582900000000
-0.911810000000,-4.144450000000
3.449030000000,-1.513660000000
-2.186410000000,1.687260000000
-3.420490000000,-4.299740000000
-4.404980000000,1.687280000000
-2.213710000000,-0.411510000000
-2.505960000000,4.833230000000
-0.454050000000,-1.552200000000
-4.406870000000,-1.329740000000
0.836630000000,0.267320000000
1.138040000000,1.642980000000
3.309690000000,-0.604560000000
5.000000000000,1.494670000000
2.387210000000,-1.083040000000
-0.129320000000,-1.049670000000
4.215910000000,3.455690000000
-4.395010000000,-2.323840000000
-1.487350000000,-4.259510000000
1.105740000000,0.695860000000
-4.393530000000,4.855390000000
-0.127270000000,1.603830000000
-4.395490000000,-4.314370000000
3.305260000000,-0.667690000000
1.732490000000,1.636120000000
-4.402780000000,1.689530000000
1.134670000000,0.700620000000
-4.407410000000,-1.331790000000
3.304730000000,-0.542190000000
2.710280000000,-1.502310000000
-4.395440000000,-4.305230000000
-4.076460000000,4.403100000000
0.200340000000,-0.617280000000
2.095460000000,1.183570000000
0.489900000000,2.469280000000
-2.802270000000,3.537890000000
-2.488520000000,4.855540000000
-2.557680000000,3.944210000000
-2.500560000000,4.846760000000
-1.848310000000,2.986820000000
2.041920000000,-0.581830000000
3.022160000000,0.674790000000
3.629120000000,-1.923040000000
2.373290000000,0.688740000000
2.841420000000,-4.024180000000
-4.379710000000,3.950420000000
1.440950000000,0.271170000000
0.778740000000,1.179130000000
1.442510000000,1.161230000000
-0.099780000000,-0.164760000000
-1.481470000000,3.674040000000
0.817620000000,-0.620340000000
-2.811410000000,4.403100000000
1.808660000000,1.568360000000
1.176110000000,0.683520000000
-2.435100000000,-3.285230000000
0.817550000000,-0.615250000000
-4.394960000000,-2.323790000000
-3.414940000000,-1.355030000000
2.103420000000,0.309950000000
-0.744650000000,-0.164800000000
3.059350000000,3.420800000000
2.693680000000,2.053360000000
-2.433900000000,-3.271890000000
2.844670000000,-3.940530000000
-2.435250000000,-4.296110000000
-4.407230000000,1.680300000000
-3.405830000000,-1.344490000000
-0.941530000000,1.815250000000
2.078090000000,0.199820000000
-4.395440000000,-4.309770000000
-3.392000000000,-1.344510000000
1.131830000000,1.633140000000
-3.410070000000,-1.358560000000
-1.444660000000,-1.406320000000
2.371180000000,1.582900000000
1.066720000000,1.614630000000
2.083370000000,-0.605230000000
2.699520000000,-0.615250000000
0.811680000000,-0.616530000000
-3.295200000000,-0.422620000000
2.095950000000,0.202550000000
-1.485820000000,-1.392570000000
0.819120000000,1.152070000000
-1.349620000000,-4.261260000000
2.832280000000,-4.013060000000
-0.128870000000,-1.049630000000
-2.308580000000,-0.535150000000
-3.406950000000,-1.356660000000
1.701620000000,4.320800000000
3.308660000000,-0.606940000000
0.201400000000,-0.617470000000
2.833640000000,-4.015650000000
-4.395440000000,-2.324860000000
1.133120000000,-0.178530000000
3.952140000000,0.371860000000
-0.951110000000,4.434540000000
-2.478550000000,4.788340000000
3.045870000000,2.479760000000
-2.431750000000,-4.300420000000
1.442500000000,1.161350000000
-4.407210000000,0.946310000000
5.000000000000,-4.009670000000
2.135160000000,-0.687430000000
-0.502800000000,-4.011530000000
-0.936700000000,4.403140000000
-0.495020000000,-4.014200000000
2.070450000000,1.165800000000
0.187700000000,1.165460000000
1.760630000000,-1.050990000000
-4.407130000000,-0.411730000000
-2.140670000000,2.517800000000
3.987420000000,-0.584740000000
1.752780000000,1.652730000000
2.376720000000,-0.193000000000
-0.416880000000,-0.618470000000
2.363110000000,2.479160000000
2.701170000000,-1.502090000000
2.829050000000,-4.026270000000
-4.654120000000,2.674710000000
-1.445680000000,-1.397310000000
0.325300000000,4.392430000000
1.761070000000,2.473510000000
-3.405970000000,-1.355110000000
2.846880000000,-3.926570000000
-2.500630000000,3.950430000000
1.440990000000,0.271110000000
2.075150000000,-0.615350000000
-2.432570000000,-1.327580000000
-2.431860000000,-1.358200000000
-2.500480000000,4.846190000000
-3.421390000000,-4.300660000000
-0.497860000000,-4.012730000000
-3.129980000000,3.951050000000
1.803300000000,1.630670000000
0.973180000000,4.403290000000
-4.393550000000,4.855770000000
4.152300000000,4.457590000000
0.325330000000,4.393970000000
3.087130000000,2.462080000000
-1.559740000000,4.412460000000
-1.073860000000,-0.535060000000
2.824980000000,-4.024980000000
-2.432470000000,-4.300640000000
-4.407190000000,-0.411730000000
1.763680000000,-1.054210000000
-2.184980000000,-0.164800000000
0.499400000000,-0.238840000000
3.944830000000,-4.022450000000
2.040380000000,0.293980000000
1.724890000000,-4.011030000000
-4.036850000000,2.674710000000
3.309700000000,-0.603060000000
4.178650000000,3.456810000000
0.818960000000,0.274120000000
2.982880000000,3.390530000000
1.759470000000,-0.185940000000
1.108690000000,3.383460000000
-1.485840000000,-1.392570000000
2.080530000000,-0.585500000000
3.973380000000,-1.507000000000
2.376370000000,-0.193070000000
-4.406710000000,-1.344030000000
-2.431900000000,-1.358190000000
-4.763980000000,1.683940000000
1.069600000000,-0.183680000000
2.093060000000,-0.579750000000
-4.405690000000,-1.330270000000
0.188420000000,0.259920000000
-3.405830000000,-1.356870000000
-0.950420000000,1.810510000000
2.371120000000,-0.224250000000
-2.226580000000,-0.414390000000
1.134120000000,0.699400000000
3.285160000000,1.243690000000
-1.475250000000,-3.271570000000
2.998030000000,-1.913690000000
2.803030000000,-4.012810000000
-4.395440000000,-2.325020000000
1.759170000000,-1.049790000000
-4.395440000000,-2.323840000000
-1.444610000000,-0.205310000000
3.277550000000,-1.532690000000
-1.281940000000,-4.259320000000
2.073530000000,0.275690000000
0.454320000000,1.563510000000
-3.131010000000,4.855730000000
1.759590000000,0.699900000000
0.459460000000,-0.198400000000
-2.189180000000,1.684090000000
0.817670000000,-0.616790000000
-1.367270000000,-3.271340000000
-0.500030000000,-4.010180000000
-1.855770000000,3.950430000000
-2.432730000000,-2.322490000000
-1.445750000000,-1.378850000000
2.073480000000,0.275680000000
3.300100000000,0.313510000000
1.108720000000,3.383440000000
-3.457280000000,4.418060000000
-4.394940000000,-2.323830000000
-0.127580000000,1.604510000000
-2.502010000000,4.851210000000
-4.405800000000,-1.333860000000
-0.508130000000,-4.019270000000
-2.432110000000,-1.341420000000
2.346850000000,3.463630000000
0.241040000000,-4.012600000000
1.133860000000,-0.187420000000
1.443570000000,-0.620370000000
-1.449180000000,3.651240000000
0.974600000000,4.403100000000
0.185780000000,0.214300000000
-0.926340000000,4.408980000000
-1.446530000000,-1.396960000000
-2.431890000000,-1.356700000000
1.139200000000,0.717640000000
-2.182670000000,1.688920000000
0.819230000000,2.044170000000
-4.530670000000,1.687050000000
-1.239710000000,-4.139150000000
-3.405790000000,-1.330940000000
-1.930140000000,4.867070000000
-3.406350000000,-1.356630000000
2.709740000000,-1.502460000000
2.371120000000,1.582900000000
-1.367740000000,-3.273820000000
-2.185190000000,4.401980000000
-2.503530000000,4.851210000000
2.833640000000,-4.012610000000
-0.473220000000,-1.416310000000
0.163880000000,3.785350000000
-2.432390000000,-1.317060000000
2.145190000000,-0.640150000000
1.133800000000,0.700780000000
-3.405870000000,-1.347400000000
0.817670000000,-0.615270000000
-3.407050000000,-1.356640000000
3.986280000000,-0.584640000000
-4.781350000000,1.685550000000
-3.296100000000,-0.494020000000
5.000000000000,-1.474450000000
-0.492220000000,-4.014760000000
-2.837910000000,2.688200000000
-0.415440000000,-0.576320000000
-1.814610000000,1.316680000000
2.350520000000,2.491050000000
-3.407170000000,-1.358510000000
2.074990000000,-0.619820000000
-3.405850000000,-1.356080000000
0.818070000000,0.260100000000
2.072190000000,0.230660000000
2.699690000000,-0.615240000000
-2.433820000000,-4.300520000000
-2.431890000000,-1.321970000000
0.168550000000,2.064020000000
5.000000000000,-4.014600000000
-2.186370000000,1.686280000000
-4.068840000000,4.403090000000
-4.068840000000,4.408630000000
-0.500480000000,-3.994320000000
-4.393550000000,-4.314440000000
-1.442530000000,3.887380000000
0.494550000000,1.601760000000
1.763720000000,-1.051140000000
2.088350000000,-0.640550000000
1.111770000000,3.378880000000
3.077330000000,1.575060000000
-1.481460000000,3.674010000000
2.826960000000,-4.008610000000
1.761070000000,2.475110000000
0.620520000000,4.792430000000
1.134190000000,-0.178530000000
0.787180000000,1.146550000000
4.152280000000,4.457590000000
-0.458490000000,-1.418800000000
1.136960000000,1.590320000000
2.074610000000,-0.615290000000
-2.500580000000,4.846670000000
0.809910000000,-1.429010000000
2.072010000000,2.907910000000
-4.404240000000,-1.330560000000
-0.510100000000,-2.816040000000
2.832020000000,-4.007880000000
4.232790000000,-2.818630000000
0.610110000000,-4.015490000000
-0.301170000000,4.403120000000
-1.670020000000,3.496390000000
0.499370000000,1.604730000000
-3.420840000000,-4.299130000000
5.000000000000,-4.011000000000
-3.131710000000,3.085220000000
-0.293880000000,2.674910000000
-4.384340000000,4.855780000000
1.756570000000,1.579260000000
-2.307250000000,-0.452250000000
4.273960000000,-2.778020000000
2.158040000000,1.199810000000
-2.815980000000,4.402520000000
0.818680000000,-0.622890000000
4.237440000000,-1.909240000000
0.188070000000,1.165640000000
0.009480000000,3.166330000000
0.818680000000,-0.619990000000
-0.499820000000,-4.012610000000
-4.394950000000,-2.323830000000
-1.445710000000,-1.298240000000
5.000000000000,1.495540000000
-3.419690000000,-1.357670000000
1.434460000000,-1.461160000000
2.409150000000,2.536610000000
1.784460000000,-1.027640000000
2.833680000000,-4.010960000000
-0.127800000000,1.605120000000
1.763660000000,-1.054310000000
-2.183770000000,2.668460000000
2.710190000000,-1.502250000000
-0.495110000000,-1.420340000000
2.078730000000,-0.652160000000
2.090850000000,1.156050000000
5.000000000000,-4.012030000000
1.449610000000,1.127200000000
-4.430170000000,1.683680000000
2.074630000000,-0.615300000000
3.045920000000,2.479790000000
1.110250000000,3.378870000000
-3.405880000000,-1.355290000000
0.817520000000,-0.619820000000
1.723470000000,-4.012920000000
-3.407530000000,-1.358280000000
-4.411840000000,1.700140000000
-0.415440000000,-0.644900000000
2.074830000000,-0.619860000000
0.241510000000,-1.423240000000
-2.185140000000,3.538150000000
2.110680000000,0.310040000000
3.011970000000,-1.914160000000
2.830070000000,-4.011580000000
3.029050000000,0.685300000000
-0.612060000000,3.950720000000
2.833380000000,-4.012840000000
-0.498440000000,-1.421470000000
-2.500480000000,4.851210000000
1.718890000000,1.590990000000
-1.486960000000,-1.392740000000
1.137550000000,-0.249330000000
0.174310000000,2.014220000000
-4.407170000000,-1.344450000000
1.764630000000,1.623250000000
-4.411550000000,1.701280000000
0.200160000000,-0.617500000000
3.020580000000,-0.208260000000
-2.186370000000,1.686260000000
-0.385610000000,-1.531260000000
2.136220000000,-1.564870000000
4.177680000000,3.457320000000
-2.226130000000,-0.411700000000
2.751330000000,-4.012600000000
2.061940000000,0.262990000000
1.759500000000,-0.186140000000
0.236520000000,1.101880000000
-2.433870000000,-3.282540000000
-1.198790000000,2.084920000000
-3.408720000000,-1.358400000000
-4.695270000000,1.687050000000
4.237390000000,-1.900110000000
-0.496510000000,-4.012330000000
-3.406710000000,-1.357540000000
2.068350000000,-0.635550000000
-1.446240000000,-1.392680000000
2.831590000000,-4.012520000000
-0.621210000000,4.842070000000
-3.421870000000,-4.301770000000
-1.445320000000,-1.398020000000
0.241050000000,-1.502310000000
-1.709530000000,3.453020000000
2.068440000000,2.031560000000
0.239930000000,3.899880000000
0.738920000000,-0.660770000000
-4.667430000000,2.675260000000
2.057160000000,0.308690000000
-4.395540000000,-4.304910000000
-4.394940000000,-2.324330000000
2.833100000000,-4.012920000000
-4.409540000000,1.688030000000
-2.308440000000,-0.535160000000
-1.905960000000,3.062050000000
-3.423060000000,-4.299840000000
5.000000000000,0.516850000000
3.034750000000,1.562080000000
0.492980000000,1.604640000000
2.063000000000,0.237220000000
-2.181530000000,1.695540000000
1.443500000000,-0.619920000000
2.073510000000,0.275650000000
-2.432010000000,-1.315810000000
-0.099970000000,-0.166420000000
1.759560000000,-0.186130000000
3.313760000000,-1.503120000000
0.091130000000,3.824460000000
5.000000000000,0.553100000000
4.973560000000,-4.012600000000
3.015010000000,-1.072870000000
-4.395450000000,-4.309810000000
0.818680000000,-0.616760000000
-5.000000000000,4.856630000000
4.171200000000,1.581160000000
0.609590000000,-1.792020000000
-4.395450000000,-3.313060000000
-4.775360000000,1.688560000000
0.462870000000,1.521980000000
-3.130490000000,3.046680000000
-2.433880000000,-4.287010000000
3.958460000000,-2.407660000000
-2.574310000000,3.903780000000
2.419440000000,-1.092830000000
-1.445140000000,-1.314510000000
0.489870000000,2.470450000000
-3.432550000000,4.400630000000
-2.432440000000,-4.295710000000
-3.292360000000,1.683630000000
2.076330000000,1.180620000000
0.174410000000,1.165790000000
-2.815980000000,4.403100000000
3.273920000000,-1.502320000000
3.059150000000,3.422260000000
3.030140000000,0.681640000000
1.443620000000,-0.619830000000
-4.393480000000,3.950420000000
0.503090000000,-1.049760000000
-2.431920000000,-1.317050000000
1.134610000000,0.699440000000
-4.776420000000,1.686710000000
3.309670000000,-0.604580000000
3.011270000000,-1.912310000000
-2.433380000000,-3.287110000000
0.815020000000,-0.629850000000
1.726320000000,0.712050000000
0.814240000000,1.158450000000
2.830710000000,-4.011890000000
3.973710000000,-1.511450000000
-1.486880000000,-1.388020000000
2.712720000000,-2.412480000000
3.363890000000,-0.658390000000
-0.499700000000,-4.010250000000
-2.188220000000,1.673450000000
0.160660000000,2.057360000000
0.819130000000,1.152090000000
-1.447670000000,-1.379330000000
-2.433370000000,-1.317010000000
-3.410410000000,-1.358190000000
0.499290000000,1.604610000000
2.834460000000,-4.011960000000
0.818290000000,-0.616010000000
-3.406160000000,-1.358160000000
-4.653470000000,1.689040000000
-2.185130000000,1.685910000000
1.688580000000,-4.010080000000
