0.246270000000
0.449500000000
0.079700000000
0.246260000000
0.246280000000
0.449510000000
0.242970000000
0.930150000000
0.679170000000
0.449490000000
0.080960000000
0.930140000000
0.079690000000
0.679180000000
0.079740000000
0.083400000000
0.449480000000
0.079710000000
0.079720000000
0.000000000000
0.244030000000
0.243920000000
0.679200000000
0.930160000000
0.239940000000
0.074810000000
0.079680000000
0.446930000000
0.449410000000
0.679150000000
0.930180000000
0.449520000000
0.078990000000
0.080990000000
0.099110000000
0.246290000000
0.449230000000
0.083510000000
0.679160000000
0.083160000000
0.074620000000
0.254100000000
0.679140000000
0.079520000000
0.075130000000
0.076500000000
0.246250000000
0.930190000000
0.075670000000
0.080010000000
0.087940000000
0.077410000000
0.930170000000
0.250860000000
0.071080000000
0.252580000000
0.447460000000
0.243690000000
0.252440000000
0.077220000000
0.930130000000
0.238190000000
0.239020000000
0.251240000000
0.449380000000
0.078530000000
0.466830000000
0.244400000000
0.449470000000
0.449460000000
0.930210000000
0.245480000000
0.080400000000
0.079190000000
0.242210000000
0.079670000000
0.250120000000
0.255260000000
0.930090000000
0.080040000000
0.240880000000
0.679030000000
0.930110000000
0.237610000000
0.075830000000
0.253250000000
0.081190000000
0.079750000000
0.712930000000
0.083720000000
0.679220000000
0.080660000000
0.930220000000
0.078930000000
0.079540000000
0.457710000000
0.449530000000
0.252330000000
0.455550000000
0.252400000000
0.248160000000
0.679070000000
0.445880000000
0.079070000000
0.449540000000
0.075590000000
0.252110000000
0.679130000000
0.244610000000
0.076520000000
0.246740000000
0.679210000000
0.456780000000
0.930120000000
0.246780000000
0.930200000000
0.246300000000
0.689670000000
0.238400000000
0.679190000000
0.449450000000
0.081430000000
0.084930000000
0.259970000000
0.078440000000
0.251260000000
0.250840000000
0.080210000000
0.930100000000
0.817460000000
0.471500000000
0.079200000000
0.246320000000
0.081500000000
0.080360000000
0.079570000000
0.082490000000
0.246520000000
0.086580000000
0.084320000000
0.679250000000
0.246310000000
0.448810000000
0.079370000000
0.079170000000
0.074600000000
0.077520000000
0.082320000000
0.241380000000
0.260780000000
0.575910000000
0.250900000000
0.078970000000
0.248730000000
0.079460000000
0.930040000000
0.077330000000
0.251330000000
0.076560000000
0.443010000000
0.250530000000
0.085140000000
0.083270000000
0.257290000000
0.245300000000
0.679120000000
0.254270000000
0.976770000000
0.447830000000
0.079060000000
0.679410000000
0.679110000000
0.074140000000
0.079730000000
0.082620000000
0.079110000000
0.079500000000
0.078220000000
0.246630000000
0.078600000000
0.100220000000
0.083690000000
0.088460000000
0.674190000000
0.078090000000
0.084720000000
0.083110000000
0.239600000000
0.242280000000
0.081130000000
0.075140000000
0.078380000000
0.084730000000
0.446940000000
0.082440000000
0.075260000000
0.083350000000
0.070380000000
0.478650000000
0.246210000000
0.246220000000
0.071780000000
0.445740000000
0.249130000000
0.249520000000
0.080280000000
0.071540000000
0.679060000000
0.238380000000
0.449620000000
0.084170000000
0.079120000000
0.247740000000
0.247540000000
0.077240000000
0.085230000000
0.242930000000
0.246560000000
0.233530000000
0.075760000000
0.248560000000
0.255540000000
0.082770000000
0.257900000000
0.085170000000
0.078770000000
0.256880000000
0.086220000000
0.088940000000
0.082940000000
0.080080000000
0.253960000000
0.078420000000
0.080570000000
0.232630000000
0.249920000000
0.238550000000
0.082670000000
0.074190000000
0.080590000000
0.079810000000
0.082640000000
0.079400000000
0.077990000000
0.255610000000
0.082930000000
0.243880000000
0.248200000000
0.077980000000
0.074690000000
0.077000000000
0.248100000000
0.081720000000
0.263570000000
0.237370000000
0.251700000000
0.076140000000
0.081580000000
0.084500000000
0.086110000000
0.449570000000
0.081630000000
0.084220000000
0.073810000000
0.075070000000
0.246010000000
0.079090000000
0.076780000000
0.244620000000
0.082660000000
0.242340000000
0.259340000000
0.253230000000
0.070000000000
0.089100000000
0.081660000000
0.082100000000
0.452230000000
0.450790000000
0.083970000000
0.079100000000
0.083070000000
0.245940000000
0.080740000000
0.457050000000
0.930290000000
0.076570000000
0.234340000000
0.235540000000
0.081450000000
0.248530000000
0.244740000000
0.239520000000
0.085640000000
0.930230000000
0.248190000000
0.454280000000
0.075320000000
0.247200000000
0.239460000000
0.078230000000
0.081360000000
0.080100000000
0.712480000000
0.079040000000
0.252200000000
0.082580000000
0.817730000000
0.459490000000
0.076690000000
0.243040000000
0.079970000000
0.249170000000
0.248430000000
0.079760000000
0.082310000000
0.930070000000
0.241710000000
0.249430000000
0.257260000000
0.076190000000
0.246060000000
0.084790000000
0.075350000000
0.080510000000
0.073960000000
0.466920000000
0.247760000000
0.079770000000
0.263080000000
0.078100000000
0.427640000000
0.082220000000
0.082610000000
0.242490000000
0.245250000000
0.251670000000
0.456650000000
0.076100000000
0.231470000000
0.080890000000
0.087810000000
0.257920000000
0.079320000000
0.449420000000
0.083440000000
0.245230000000
0.083590000000
0.080290000000
0.077880000000
0.076590000000
0.090720000000
0.083280000000
0.078690000000
0.076400000000
0.085110000000
0.459720000000
0.251060000000
0.082280000000
0.461130000000
0.082690000000
0.679230000000
0.075290000000
0.071640000000
0.079940000000
0.076440000000
0.237990000000
0.236570000000
0.081420000000
0.080340000000
0.242760000000
0.251760000000
0.230530000000
0.448550000000
0.235480000000
0.084980000000
0.079270000000
0.245310000000
0.245270000000
0.078680000000
0.254500000000
0.077800000000
0.083610000000
0.236900000000
0.080790000000
0.080430000000
0.249740000000
0.245980000000
0.679090000000
0.261950000000
0.249500000000
0.078300000000
0.083840000000
0.081990000000
0.087140000000
0.079890000000
0.079990000000
0.080620000000
0.247000000000
0.080760000000
0.074460000000
0.078210000000
0.240800000000
0.251120000000
0.248070000000
0.263620000000
0.082480000000
0.246100000000
0.647310000000
0.246360000000
0.081670000000
0.246480000000
0.082680000000
0.230920000000
0.081520000000
0.074150000000
0.451790000000
0.330160000000
0.261840000000
0.076510000000
0.249040000000
0.073590000000
0.085900000000
0.245060000000
0.081650000000
0.079620000000
0.443150000000
0.449960000000
0.078630000000
0.081050000000
0.249670000000
0.471170000000
0.251130000000
0.245260000000
0.080910000000
0.449590000000
0.679540000000
0.448540000000
0.074910000000
0.454030000000
0.248890000000
0.244260000000
0.246240000000
0.076370000000
0.474250000000
0.073750000000
0.248330000000
0.245100000000
0.237600000000
0.077490000000
0.082330000000
0.079000000000
0.081390000000
0.082060000000
0.080480000000
0.081030000000
0.428790000000
0.080920000000
0.239210000000
0.245970000000
0.079410000000
0.454040000000
0.078250000000
0.081610000000
0.074610000000
0.455720000000
0.079550000000
0.078900000000
0.083010000000
0.077820000000
0.081890000000
0.449100000000
0.245520000000
0.082010000000
0.078340000000
0.442260000000
0.080690000000
0.074750000000
0.246930000000
0.251300000000
0.246180000000
0.247400000000
0.240830000000
0.085590000000
0.465860000000
0.085400000000
0.258810000000
0.250330000000
0.078830000000
0.236550000000
0.083930000000
0.243470000000
0.248090000000
0.080680000000
0.078610000000
0.084020000000
0.085870000000
0.251650000000
0.930060000000
0.080190000000
0.238510000000
0.467960000000
0.251570000000
0.081690000000
0.081180000000
0.082200000000
0.082910000000
0.079630000000
0.088470000000
0.086150000000
0.075930000000
0.247070000000
0.077690000000
0.086120000000
0.071750000000
0.246430000000
0.076210000000
0.247080000000
0.244100000000
0.239080000000
0.076090000000
0.250250000000
0.248150000000
0.930050000000
0.080230000000
0.084490000000
0.452390000000
0.081000000000
0.078110000000
0.678420000000
0.252380000000
0.452950000000
0.249820000000
0.076920000000
0.079360000000
0.079830000000
0.249150000000
0.083000000000
0.261880000000
0.259820000000
0.084080000000
0.252600000000
0.653820000000
0.078820000000
0.246980000000
0.077510000000
0.673570000000
0.085710000000
0.443250000000
0.079860000000
0.686710000000
0.078460000000
0.082090000000
0.672760000000
0.077900000000
0.449350000000
0.080520000000
0.247210000000
0.083060000000
0.080900000000
0.083180000000
0.258010000000
0.673260000000
0.079530000000
0.255760000000
0.247250000000
0.447160000000
0.085090000000
0.245860000000
0.086450000000
0.078700000000
0.074230000000
0.080640000000
0.454890000000
0.088000000000
0.074970000000
0.081790000000
0.075550000000
0.076270000000
0.085860000000
0.242840000000
0.077210000000
0.076860000000
0.250830000000
0.246150000000
0.079130000000
0.081510000000
0.461930000000
0.231650000000
0.244570000000
0.071620000000
0.079660000000
0.073310000000
0.082980000000
0.085470000000
0.231110000000
0.085040000000
0.679240000000
0.252390000000
0.080370000000
0.079780000000
0.655160000000
0.075780000000
0.074960000000
0.080600000000
0.078480000000
0.449550000000
0.075940000000
0.083210000000
0.080300000000
0.077700000000
0.248570000000
0.441880000000
0.250650000000
0.449630000000
0.235980000000
0.446220000000
0.240750000000
0.080800000000
0.085560000000
0.083550000000
0.458190000000
0.073580000000
0.076660000000
0.247420000000
0.079430000000
0.449090000000
0.257470000000
0.246550000000
0.078720000000
0.258650000000
0.246130000000
0.076330000000
0.080530000000
0.077870000000
0.087340000000
0.244180000000
0.088160000000
0.244390000000
0.259850000000
0.079820000000
0.244880000000
0.256890000000
0.439470000000
0.077380000000
0.075200000000
0.452960000000
0.232520000000
0.930030000000
0.234130000000
0.452580000000
0.082140000000
0.079900000000
0.082080000000
0.081270000000
0.254600000000
0.262140000000
0.679450000000
0.478040000000
0.078870000000
0.079420000000
0.086180000000
0.081320000000
0.255160000000
0.077310000000
0.081800000000
0.073820000000
0.075400000000
0.073930000000
0.255770000000
0.073090000000
0.451550000000
0.251980000000
0.085190000000
0.245040000000
0.074860000000
0.081860000000
0.469940000000
0.258640000000
0.080020000000
0.242770000000
0.255730000000
0.246440000000
0.081010000000
0.703340000000
0.450070000000
0.079470000000
0.462020000000
0.246160000000
0.255700000000
0.083990000000
0.075480000000
0.444950000000
0.083250000000
0.245450000000
0.260010000000
0.241760000000
0.090570000000
0.242790000000
0.681500000000
0.077280000000
0.244280000000
0.073990000000
0.246530000000
0.078650000000
0.076080000000
0.425530000000
0.247110000000
0.075370000000
0.077430000000
0.075860000000
0.452710000000
0.082070000000
0.679400000000
0.243010000000
0.073790000000
0.711070000000
0.073720000000
0.239550000000
0.445340000000
0.068630000000
0.074210000000
0.083710000000
0.078310000000
0.696910000000
0.691500000000
0.072850000000
0.451320000000
0.444040000000
0.076970000000
0.251710000000
0.078550000000
0.078730000000
0.260190000000
0.455290000000
0.449360000000
0.673660000000
0.246090000000
0.256970000000
0.080440000000
0.075230000000
0.082250000000
0.079150000000
0.083600000000
0.448250000000
0.078080000000
0.245760000000
0.082710000000
0.678460000000
0.082880000000
0.260810000000
0.081970000000
0.472960000000
0.450300000000
0.082180000000
0.248250000000
0.452830000000
0.250190000000
0.237640000000
0.092850000000
0.074410000000
0.257400000000
0.081900000000
0.084260000000
0.252650000000
0.245580000000
0.462000000000
0.075160000000
0.078350000000
0.073840000000
0.230440000000
0.074070000000
0.260170000000
0.078260000000
0.080070000000
0.237470000000
0.080050000000
0.243960000000
0.236740000000
0.242690000000
0.449440000000
0.236890000000
0.260830000000
0.082160000000
0.261380000000
0.079020000000
0.080780000000
0.084950000000
0.081100000000
0.260670000000
0.077020000000
0.081560000000
0.450800000000
0.078170000000
0.243540000000
0.084750000000
0.093100000000
0.679300000000
0.081740000000
0.079980000000
0.078190000000
0.086020000000
0.246960000000
0.247950000000
0.244440000000
0.087830000000
0.077160000000
0.073870000000
0.649790000000
0.575820000000
0.677290000000
0.236100000000
0.077300000000
0.076060000000
0.449280000000
0.235900000000
0.083800000000
0.245530000000
0.246580000000
0.244450000000
0.078050000000
0.430480000000
0.073630000000
0.074550000000
0.707270000000
0.460690000000
0.091990000000
0.240040000000
0.453190000000
0.083750000000
0.471460000000
0.449560000000
0.258000000000
0.074300000000
0.245410000000
0.079930000000
0.456390000000
0.240420000000
0.238900000000
0.077170000000
0.256810000000
0.249640000000
0.077630000000
0.085480000000
0.082520000000
0.669180000000
0.241460000000
0.084900000000
0.075700000000
0.077030000000
0.078940000000
0.244820000000
0.441670000000
0.239370000000
0.090390000000
0.694550000000
0.080390000000
0.679850000000
0.249010000000
0.079790000000
0.249080000000
0.239450000000
0.077370000000
0.243800000000
0.439660000000
0.458240000000
0.079600000000
0.082350000000
0.077420000000
0.074850000000
0.084860000000
0.690960000000
0.077940000000
0.245430000000
0.234080000000
0.439130000000
0.679080000000
0.084760000000
0.715100000000
0.246460000000
0.255480000000
0.084940000000
0.470600000000
0.232330000000
0.787810000000
0.078470000000
0.242470000000
0.070730000000
0.084650000000
0.244350000000
0.080120000000
0.071190000000
0.215520000000
0.084600000000
0.442420000000
0.247720000000
0.083460000000
0.234960000000
0.238170000000
0.254770000000
0.077350000000
0.246650000000
0.261300000000
0.071470000000
0.080930000000
0.243270000000
0.453790000000
0.078020000000
0.068340000000
0.450830000000
0.254660000000
0.074990000000
0.453950000000
0.078290000000
0.239400000000
0.069510000000
0.454450000000
0.440090000000
0.076290000000
0.245950000000
0.089290000000
0.447590000000
0.242660000000
0.257190000000
0.252340000000
0.074270000000
0.240890000000
0.250360000000
0.447150000000
0.076940000000
0.694450000000
0.079080000000
0.076930000000
0.081870000000
0.247690000000
0.247990000000
0.244380000000
0.453900000000
0.459700000000
0.452140000000
0.082190000000
0.453610000000
0.085940000000
0.091740000000
0.242820000000
0.243850000000
0.080450000000
0.085980000000
0.249560000000
0.079330000000
0.245960000000
0.080940000000
0.073200000000
0.249650000000
0.080730000000
0.076020000000
0.237350000000
0.241240000000
0.075340000000
0.449660000000
0.074730000000
0.077650000000
0.244930000000
0.446840000000
0.246230000000
0.084340000000
0.459140000000
0.457390000000
0.454790000000
0.077340000000
0.233060000000
0.676790000000
0.246680000000
0.084910000000
0.071120000000
0.083700000000
0.246140000000
0.082040000000
0.240410000000
0.076460000000
0.069420000000
0.075710000000
0.085320000000
0.250970000000
0.082700000000
0.665950000000
0.255670000000
0.454560000000
0.254980000000
0.239830000000
0.085740000000
0.692110000000
0.462590000000
0.254090000000
0.248140000000
0.080060000000
0.073920000000
0.242100000000
0.249280000000
0.085020000000
0.236750000000
0.230870000000
0.085540000000
0.247870000000
0.078570000000
0.256070000000
0.075630000000
0.246000000000
0.079650000000
0.246470000000
0.243140000000
0.241270000000
0.435890000000
0.429460000000
0.243240000000
0.244760000000
0.241080000000
0.080250000000
0.244720000000
0.248320000000
0.247230000000
0.469950000000
0.078590000000
0.242740000000
0.450480000000
0.447850000000
0.470590000000
0.449600000000
0.078540000000
0.236470000000
0.678670000000
0.449800000000
0.246350000000
0.081410000000
0.241310000000
0.449760000000
0.238790000000
0.447920000000
0.080710000000
0.271530000000
0.256330000000
0.078010000000
0.091520000000
0.074390000000
0.261720000000
0.451620000000
0.075740000000
0.255710000000
0.681610000000
0.439520000000
0.249450000000
0.081300000000
0.074640000000
0.247840000000
0.243500000000
0.259040000000
0.455400000000
0.451180000000
0.080350000000
0.448930000000
0.085550000000
0.258680000000
0.079840000000
0.257830000000
0.079290000000
0.260450000000
0.460710000000
0.074010000000
0.078040000000
0.092950000000
0.084160000000
0.081150000000
0.238810000000
0.234610000000
0.084060000000
0.084680000000
0.084810000000
0.083780000000
0.082920000000
0.077090000000
0.247820000000
0.074170000000
0.248040000000
0.084970000000
0.444650000000
0.239130000000
0.426150000000
0.471720000000
0.077660000000
0.251900000000
0.246380000000
0.083980000000
0.260040000000
0.687710000000
0.237410000000
0.082740000000
0.082430000000
0.084620000000
0.463310000000
0.078920000000
0.075530000000
0.077580000000
0.085120000000
0.241330000000
0.442920000000
0.471420000000
0.076760000000
0.689060000000
0.083520000000
0.080220000000
0.248420000000
0.448760000000
0.470060000000
0.247220000000
0.080540000000
0.076230000000
0.701640000000
0.089740000000
0.237840000000
0.074350000000
0.072500000000
0.241880000000
0.078810000000
0.444070000000
0.076670000000
0.236460000000
0.239820000000
0.067230000000
0.252960000000
0.930260000000
0.082630000000
0.245160000000
0.072750000000
0.474790000000
0.232230000000
0.079140000000
0.251950000000
0.472350000000
0.246820000000
0.080770000000
0.080970000000
0.445820000000
0.082560000000
0.231680000000
0.080310000000
0.078950000000
0.074510000000
0.446020000000
0.243790000000
0.465340000000
0.084870000000
0.250440000000
0.077720000000
0.452080000000
0.079950000000
0.075000000000
0.079030000000
0.074660000000
0.241930000000
0.084700000000
0.450420000000
0.085530000000
0.078120000000
0.089110000000
0.074340000000
0.084250000000
0.702120000000
0.073500000000
0.246720000000
0.666490000000
0.442270000000
0.081840000000
0.249700000000
0.079800000000
0.246950000000
0.254460000000
0.079180000000
0.084410000000
0.679620000000
0.083630000000
0.244790000000
0.077780000000
0.080610000000
0.083500000000
0.082130000000
0.078390000000
0.237020000000
0.423420000000
0.074030000000
0.081110000000
0.245820000000
0.083090000000
0.080160000000
0.257100000000
0.084130000000
0.074770000000
0.457090000000
0.084800000000
0.076950000000
0.082890000000
0.259790000000
0.079610000000
0.077540000000
0.078330000000
0.076880000000
0.072630000000
0.233430000000
0.076640000000
0.253040000000
0.076340000000
0.430560000000
0.454220000000
0.079160000000
0.241430000000
0.245380000000
0.084050000000
0.242520000000
0.247790000000
0.257080000000
0.075920000000
0.683000000000
0.081750000000
0.238000000000
0.078960000000
0.449640000000
0.235690000000
0.470670000000
0.233890000000
0.246200000000
0.252310000000
0.078150000000
0.246590000000
0.084480000000
0.449670000000
0.074720000000
0.081350000000
0.082730000000
0.077970000000
0.251970000000
0.466690000000
0.243000000000
0.087200000000
0.080580000000
0.265990000000
0.080630000000
0.231250000000
0.081170000000
0.461200000000
0.090670000000
0.074020000000
0.473660000000
0.237970000000
0.075270000000
0.449060000000
0.237720000000
0.076530000000
0.084990000000
0.247660000000
0.075280000000
0.078320000000
0.244700000000
0.448590000000
0.444620000000
0.090430000000
0.469880000000
0.468290000000
0.081460000000
0.259990000000
0.073950000000
0.665190000000
0.682790000000
0.237780000000
0.468660000000
0.091420000000
0.083140000000
0.250230000000
0.080130000000
0.086090000000
0.077610000000
0.251420000000
0.088400000000
0.421340000000
0.246170000000
0.075060000000
0.082170000000
0.464290000000
0.473110000000
0.245570000000
0.247140000000
0.666270000000
0.079340000000
0.447660000000
0.239090000000
0.246340000000
0.074880000000
0.533550000000
0.074570000000
0.460460000000
0.236820000000
0.467810000000
0.244560000000
0.077730000000
0.252990000000
0.253180000000
0.433850000000
0.082530000000
0.081040000000
0.240000000000
0.070650000000
0.259380000000
0.450170000000
0.074360000000
0.446990000000
0.083740000000
0.070850000000
0.089850000000
0.082850000000
0.247940000000
0.261360000000
0.252130000000
0.685830000000
0.074680000000
0.235780000000
0.449430000000
0.243730000000
0.078800000000
0.253320000000
0.234980000000
0.246800000000
0.243280000000
0.245930000000
0.088040000000
0.471430000000
0.076730000000
0.243740000000
0.230860000000
0.081240000000
0.450210000000
0.083760000000
0.087190000000
0.243910000000
0.245050000000
0.082510000000
0.075030000000
0.081020000000
0.447350000000
0.246690000000
0.788180000000
0.075800000000
0.079580000000
0.237930000000
0.083650000000
0.268710000000
0.084770000000
0.244590000000
0.081700000000
0.249530000000
0.244870000000
0.237210000000
0.079960000000
0.242540000000
0.459330000000
0.261330000000
0.247750000000
0.087030000000
0.244330000000
0.085460000000
0.246810000000
0.241550000000
0.079850000000
0.078580000000
0.930080000000
0.256610000000
0.241450000000
0.446440000000
0.077850000000
0.232910000000
0.255190000000
0.243350000000
0.082990000000
0.250630000000
0.247390000000
0.246370000000
0.072720000000
0.077830000000
0.082470000000
0.445020000000
0.073890000000
0.241630000000
0.084530000000
0.449980000000
0.244010000000
0.256490000000
0.240650000000
0.459960000000
0.240900000000
0.085450000000
0.084000000000
0.081730000000
0.081080000000
0.085830000000
0.464420000000
0.460330000000
0.242880000000
0.076840000000
0.248640000000
0.253500000000
0.084710000000
0.074100000000
0.080490000000
0.679260000000
0.076120000000
0.255090000000
0.083030000000
0.242410000000
0.245200000000
0.261560000000
0.240790000000
0.091770000000
0.256720000000
0.254860000000
0.074480000000
0.660990000000
0.676880000000
0.081850000000
0.450320000000
0.083540000000
0.072250000000
0.082050000000
0.247880000000
0.466660000000
0.074740000000
0.248930000000
0.069920000000
0.247190000000
0.244160000000
0.081470000000
0.084030000000
0.249840000000
0.077400000000
0.243530000000
0.078030000000
0.074590000000
0.251270000000
0.261040000000
0.081950000000
0.086910000000
0.253200000000
0.425800000000
0.445120000000
0.240930000000
0.462470000000
0.080560000000
0.077050000000
0.244810000000
0.240210000000
0.081710000000
0.244940000000
0.241690000000
0.077890000000
0.234380000000
0.461960000000
0.075190000000
0.256920000000
0.084420000000
0.670440000000
0.246750000000
0.086940000000
0.699550000000
0.073020000000
0.253000000000
0.243380000000
0.682330000000
0.249120000000
0.085080000000
0.239360000000
0.249360000000
0.245370000000
0.231090000000
0.080650000000
0.078240000000
0.076170000000
0.249550000000
0.458980000000
0.083220000000
0.254940000000
0.077110000000
0.260220000000
0.451500000000
0.658620000000
0.076850000000
0.077260000000
0.250490000000
0.076310000000
0.274450000000
0.082290000000
0.251790000000
0.456060000000
0.238390000000
0.079230000000
0.320080000000
0.679630000000
0.245770000000
0.080420000000
0.057760000000
0.449370000000
0.077680000000
0.072620000000
0.076830000000
0.443170000000
0.244080000000
0.085050000000
0.235550000000
0.254220000000
0.234890000000
0.076960000000
0.083020000000
0.238980000000
0.078270000000
0.248210000000
0.246940000000
0.083390000000
0.239100000000
0.468390000000
0.929980000000
0.679350000000
0.669480000000
0.442410000000
0.243870000000
0.245350000000
0.237240000000
0.446070000000
0.075890000000
0.074580000000
0.253850000000
0.258130000000
0.466840000000
0.244650000000
0.075790000000
0.079240000000
0.082790000000
0.469370000000
0.078620000000
0.241850000000
0.259020000000
0.084400000000
0.246860000000
0.245840000000
0.078710000000
0.248770000000
0.242610000000
0.261610000000
0.257580000000
0.700440000000
0.250520000000
0.449400000000
0.255420000000
0.084300000000
0.241660000000
0.440690000000
0.239760000000
0.079450000000
0.240120000000
0.079010000000
0.468080000000
0.661120000000
0.241360000000
0.076610000000
0.082120000000
0.247510000000
0.468430000000
0.252690000000
0.080260000000
0.240980000000
0.081220000000
0.079560000000
0.438010000000
0.084190000000
0.677990000000
0.245850000000
0.080950000000
0.253770000000
0.232860000000
0.450000000000
0.077790000000
0.087450000000
0.247060000000
0.083680000000
0.082870000000
0.085700000000
0.679280000000
0.078000000000
0.672440000000
0.246050000000
0.087330000000
0.078760000000
0.250450000000
0.451000000000
0.255680000000
0.074520000000
0.240070000000
0.067640000000
0.243050000000
0.930280000000
0.238880000000
0.084280000000
0.080860000000
0.247780000000
0.245290000000
0.453510000000
0.083360000000
0.678220000000
0.077560000000
0.710980000000
0.449920000000
0.253050000000
0.075100000000
0.075810000000
0.085010000000
0.071870000000
0.081330000000
0.254380000000
0.084120000000
0.459640000000
0.442930000000
0.249020000000
0.249790000000
0.086840000000
0.246610000000
0.077570000000
0.696610000000
0.250200000000
0.240970000000
0.075980000000
0.243840000000
0.255280000000
0.445000000000
0.249090000000
0.081980000000
0.078740000000
0.081600000000
0.451810000000
0.256390000000
0.460810000000
0.448160000000
0.267880000000
0.072190000000
0.667250000000
0.251070000000
0.439750000000
0.449330000000
0.246700000000
0.427530000000
0.247040000000
0.250110000000
0.467420000000
0.426710000000
0.232220000000
0.464580000000
0.249540000000
0.077930000000
0.439110000000
0.088510000000
0.246850000000
0.240950000000
0.688090000000
0.082750000000
0.244550000000
0.236080000000
0.442890000000
0.236760000000
0.245710000000
0.248970000000
0.245740000000
0.247980000000
0.247460000000
0.255330000000
0.077080000000
0.253280000000
0.274000000000
0.085610000000
0.082460000000
0.708130000000
0.074330000000
0.091400000000
0.081680000000
0.449680000000
0.076800000000
0.078780000000
0.087070000000
0.082390000000
0.080700000000
0.080810000000
0.078860000000
0.245130000000
0.251590000000
0.089710000000
0.466810000000
0.070630000000
0.697520000000
0.249960000000
0.084610000000
0.243890000000
0.243450000000
0.245190000000
0.244150000000
0.085670000000
0.083490000000
0.088810000000
0.244780000000
0.243570000000
0.079640000000
0.247520000000
0.243620000000
0.442570000000
0.252420000000
0.249730000000
0.231130000000
0.074500000000
0.475000000000
0.256940000000
0.079050000000
0.075150000000
0.081210000000
0.448950000000
0.088530000000
0.245880000000
0.241400000000
0.080500000000
0.083150000000
0.253440000000
0.255870000000
0.254480000000
0.243720000000
0.254240000000
0.250140000000
0.255750000000
0.463560000000
0.245920000000
0.591960000000
0.080750000000
0.244960000000
0.078880000000
0.255390000000
0.075770000000
0.453580000000
0.454130000000
0.249860000000
0.432710000000
0.072710000000
0.076740000000
0.095870000000
0.239730000000
0.244230000000
0.073120000000
0.683990000000
0.252630000000
0.075210000000
0.077460000000
0.244540000000
0.242850000000
0.254830000000
0.248050000000
0.238600000000
0.242000000000
0.081280000000
0.260080000000
0.076480000000
0.248500000000
0.238710000000
0.083810000000
0.084590000000
0.226120000000
0.252930000000
0.450040000000
0.082110000000
0.079350000000
0.080320000000
0.248820000000
0.076770000000
0.249720000000
0.075050000000
0.244430000000
0.244130000000
0.244410000000
0.083830000000
0.461800000000
0.083890000000
0.075880000000
0.227310000000
0.245330000000
0.074200000000
0.448040000000
0.074800000000
0.447670000000
0.243360000000
0.689870000000
0.247490000000
0.483880000000
0.081070000000
0.241530000000
0.084640000000
0.087880000000
0.085810000000
0.246670000000
0.073860000000
0.074710000000
0.238210000000
0.247430000000
0.245650000000
0.246330000000
0.083560000000
0.246900000000
0.086210000000
0.073570000000
0.253400000000
0.083330000000
0.247010000000
0.085850000000
0.084100000000
0.249710000000
0.080460000000
0.251640000000
0.231520000000
0.083660000000
0.084370000000
0.250370000000
0.083300000000
0.080180000000
0.073190000000
0.250150000000
0.086330000000
0.424790000000
0.246770000000
0.090530000000
0.083860000000
0.476360000000
0.431830000000
0.251960000000
0.228440000000
0.083880000000
0.431970000000
0.078200000000
0.463370000000
0.075960000000
0.077270000000
0.075470000000
0.077530000000
0.083870000000
0.449010000000
0.243190000000
0.073670000000
0.240130000000
0.075750000000
0.232620000000
0.237490000000
0.078410000000
0.248010000000
0.252060000000
0.230590000000
0.238360000000
0.682980000000
0.083770000000
0.460950000000
0.243830000000
0.442500000000
0.245140000000
0.076700000000
0.082500000000
0.239170000000
0.465010000000
0.708520000000
0.228070000000
0.083130000000
0.249870000000
0.076600000000
0.446560000000
0.577560000000
0.474640000000
0.441860000000
0.245600000000
0.463360000000
0.074940000000
0.248700000000
0.687960000000
0.449580000000
0.078280000000
0.080200000000
0.079480000000
0.458770000000
0.260870000000
0.075680000000
0.076000000000
0.693390000000
0.450130000000
0.074980000000
0.930000000000
0.433080000000
0.233040000000
0.087970000000
0.080870000000
0.079250000000
0.230820000000
0.080830000000
0.259160000000
0.085500000000
0.246710000000
0.244920000000
0.256500000000
0.240320000000
0.247960000000
0.082410000000
0.461040000000
0.446400000000
0.086410000000
0.076550000000
0.551060000000
0.457820000000
0.242950000000
0.231820000000
0.254470000000
0.250470000000
0.258270000000
0.245750000000
0.241980000000
0.255820000000
0.069890000000
0.446630000000
0.690920000000
0.080330000000
0.435300000000
0.248170000000
0.257730000000
0.695110000000
0.078070000000
0.081400000000
0.464280000000
0.231120000000
0.260880000000
0.240770000000
0.074560000000
0.247730000000
0.640220000000
0.243290000000
0.445400000000
0.246730000000
0.077130000000
0.078400000000
0.243510000000
0.083530000000
0.245680000000
0.243120000000
0.461590000000
0.246510000000
0.240550000000
0.249620000000
0.250420000000
0.443020000000
0.084690000000
0.237250000000
0.072510000000
0.243400000000
0.461570000000
0.259520000000
0.437480000000
0.076650000000
0.679100000000
0.087690000000
0.248390000000
0.472210000000
0.251630000000
0.237160000000
0.470070000000
0.247770000000
0.245810000000
0.235320000000
0.081770000000
0.448940000000
0.243580000000
0.245000000000
0.263690000000
0.450380000000
0.452370000000
0.074120000000
0.483460000000
0.070200000000
0.240640000000
0.075300000000
0.468530000000
0.239800000000
0.247280000000
0.242430000000
0.471370000000
0.077920000000
0.452900000000
0.078980000000
0.249370000000
0.240540000000
0.075330000000
0.448990000000
0.242010000000
0.083420000000
0.777330000000
0.080820000000
0.083940000000
0.663060000000
0.248410000000
0.083430000000
0.081590000000
0.234290000000
0.075950000000
0.080850000000
0.472360000000
0.250180000000
0.240310000000
0.083050000000
0.448830000000
0.445480000000
0.074280000000
0.076050000000
0.679420000000
0.075840000000
0.245510000000
0.075380000000
0.084210000000
0.252720000000
0.249200000000
0.244500000000
0.343410000000
0.237400000000
0.473750000000
0.930270000000
0.670170000000
0.080240000000
0.249030000000
0.249330000000
0.247560000000
0.241790000000
0.078560000000
0.705860000000
0.261430000000
0.459410000000
0.120160000000
0.082950000000
0.248860000000
0.083190000000
0.448900000000
0.247370000000
0.075410000000
0.077320000000
0.449390000000
0.666450000000
0.249970000000
0.247320000000
0.248780000000
0.251480000000
0.246040000000
0.081810000000
0.459520000000
0.081640000000
0.259550000000
0.247640000000
0.087510000000
0.450120000000
0.451250000000
0.446230000000
0.441780000000
0.251170000000
0.240630000000
0.257610000000
0.081090000000
0.076900000000
0.077600000000
0.072520000000
0.694510000000
0.255570000000
0.462500000000
0.066700000000
0.256830000000
0.248910000000
0.240960000000
0.080150000000
0.088380000000
0.468630000000
0.253190000000
0.079880000000
0.246570000000
0.239870000000
0.463880000000
0.253940000000
0.243220000000
0.242780000000
0.081880000000
0.255320000000
0.084180000000
0.076150000000
0.243560000000
0.663100000000
0.080720000000
0.256270000000
0.079210000000
0.068920000000
0.240500000000
0.248030000000
0.661920000000
0.240670000000
0.075110000000
0.242180000000
0.707610000000
0.237870000000
0.254020000000
0.079300000000
0.374070000000
0.081140000000
0.082800000000
0.452670000000
0.251520000000
0.087950000000
0.472700000000
0.089400000000
0.440560000000
0.236010000000
0.451920000000
0.438430000000
0.081940000000
0.079510000000
0.239890000000
0.451700000000
0.245610000000
0.460550000000
0.250260000000
0.075640000000
0.085890000000
0.232710000000
0.078850000000
0.247270000000
0.077450000000
0.262160000000
0.084360000000
0.246410000000
0.077620000000
0.087650000000
0.264830000000
0.648660000000
0.071150000000
0.087730000000
0.073180000000
0.250210000000
0.245780000000
0.246020000000
0.265500000000
0.237140000000
0.084920000000
0.450150000000
0.459880000000
0.082550000000
0.235460000000
0.242940000000
0.477860000000
0.670900000000
0.449720000000
0.255150000000
0.077060000000
0.077860000000
0.073800000000
0.260530000000
0.085180000000
0.247090000000
0.253090000000
0.074760000000
0.246600000000
0.076750000000
0.247700000000
0.449880000000
0.253220000000
0.250540000000
0.259690000000
0.074080000000
0.446730000000
0.440120000000
0.249340000000
0.085490000000
0.250510000000
0.251400000000
0.228710000000
0.252880000000
0.254590000000
0.244300000000
0.930240000000
0.236540000000
0.079440000000
0.465230000000
0.063050000000
0.087870000000
0.228030000000
0.450460000000
0.238150000000
0.078060000000
0.084880000000
0.463840000000
0.930470000000
0.450160000000
0.250780000000
0.250400000000
0.076180000000
0.254960000000
0.257630000000
0.238480000000
0.245340000000
0.080110000000
0.243020000000
0.087270000000
0.075220000000
0.077910000000
0.238670000000
0.246540000000
0.079920000000
0.675580000000
0.082210000000
0.247350000000
0.244730000000
0.671490000000
0.249310000000
0.445640000000
0.251510000000
0.252590000000
0.462410000000
0.069130000000
0.072410000000
0.082570000000
0.243600000000
0.068850000000
0.078500000000
0.246910000000
0.077390000000
0.436100000000
0.085030000000
0.449750000000
0.691350000000
0.430850000000
0.243650000000
0.076430000000
0.248180000000
0.256260000000
0.079590000000
0.232500000000
0.245090000000
0.089700000000
0.083960000000
0.236130000000
0.238520000000
0.245720000000
0.073430000000
0.076110000000
0.087600000000
0.237120000000
0.353100000000
0.085690000000
0.241970000000
0.448670000000
0.076820000000
0.237500000000
0.236240000000
0.083470000000
0.077590000000
0.260700000000
0.239230000000
0.080270000000
0.243430000000
0.076630000000
0.256990000000
0.245670000000
0.240400000000
0.252280000000
0.471440000000
0.251150000000
0.234440000000
0.231040000000
0.245320000000
0.240470000000
0.465740000000
0.074040000000
0.070580000000
0.428230000000
0.079910000000
0.248280000000
0.238540000000
0.449650000000
0.072960000000
0.243660000000
0.438490000000
0.077740000000
0.245240000000
0.082400000000
0.450450000000
0.257910000000
0.077750000000
0.078450000000
0.067320000000
0.075570000000
0.239440000000
0.074950000000
0.081260000000
0.251550000000
0.253990000000
0.251750000000
0.076710000000
0.088090000000
0.071690000000
0.073380000000
0.680740000000
0.262950000000
0.241590000000
0.233520000000
0.231430000000
0.444100000000
0.226070000000
0.083820000000
0.246500000000
0.078670000000
0.251600000000
0.081530000000
0.259110000000
0.679550000000
0.254820000000
0.084450000000
0.073290000000
0.258500000000
0.254560000000
0.260030000000
0.245590000000
0.076300000000
0.067860000000
0.243460000000
0.709030000000
0.240390000000
0.077710000000
0.082030000000
0.597210000000
0.245440000000
0.249940000000
0.250920000000
0.248240000000
0.072310000000
0.268860000000
0.234910000000
0.676350000000
0.254260000000
0.455800000000
0.468550000000
0.249440000000
0.240080000000
0.076010000000
0.240330000000
0.696820000000
0.081060000000
0.678450000000
0.341110000000
0.080670000000
0.452180000000
0.088240000000
0.247930000000
0.259430000000
0.452420000000
0.442860000000
0.077120000000
0.446880000000
