0.000000000000
30.000000000000
5.000000000000
22.500000000000
12.500000000000
22.500010000000
22.500990000000
22.500050000000
5.000040000000
12.499980000000
4.999990000000
22.500120000000
12.470320000000
22.500210000000
12.500020000000
12.500010000000
5.000010000000
5.000020000000
22.499990000000
22.499860000000
4.996840000000
22.499910000000
12.499910000000
4.999170000000
12.499270000000
4.999650000000
22.500420000000
5.000770000000
12.500060000000
12.508250000000
12.503420000000
12.499640000000
12.496860000000
12.500970000000
22.500020000000
12.499740000000
12.500390000000
22.493950000000
22.500030000000
12.500360000000
22.500080000000
4.999950000000
22.505910000000
22.499200000000
12.500050000000
12.500080000000
22.500170000000
12.499060000000
12.496290000000
4.999190000000
22.499730000000
5.000090000000
12.500040000000
22.501710000000
22.499920000000
22.499430000000
22.500180000000
12.499990000000
22.499850000000
22.499770000000
12.500300000000
12.567560000000
22.499980000000
22.499900000000
22.499410000000
22.499970000000
12.502900000000
22.499210000000
4.999360000000
22.501490000000
4.999980000000
12.499750000000
22.497100000000
4.999710000000
12.499970000000
5.000110000000
12.504880000000
12.506200000000
22.495870000000
12.499900000000
12.499890000000
12.493930000000
12.500120000000
12.499770000000
22.498800000000
4.996660000000
22.498470000000
12.499940000000
12.500100000000
22.499790000000
12.499950000000
4.999820000000
22.500150000000
22.499700000000
5.000070000000
12.498440000000
12.498330000000
4.999970000000
12.505670000000
22.499120000000
22.507350000000
22.500220000000
12.499500000000
12.499730000000
22.499940000000
0.337970000000
22.499640000000
12.500030000000
4.999720000000
22.499520000000
12.499580000000
22.500070000000
4.999340000000
12.499700000000
22.500040000000
22.499570000000
4.995880000000
22.507490000000
12.498590000000
12.495680000000
12.501650000000
4.999920000000
21.671540000000
12.499080000000
12.499410000000
4.997220000000
22.500770000000
4.999940000000
5.000250000000
22.499180000000
22.499690000000
22.499530000000
22.500310000000
12.499960000000
12.499490000000
12.500430000000
22.502660000000
22.499680000000
22.500750000000
12.499820000000
12.499870000000
5.001310000000
22.499090000000
12.499040000000
4.999640000000
24.980900000000
4.999510000000
22.499550000000
12.506400000000
12.500230000000
22.498020000000
12.499850000000
22.501920000000
12.499930000000
22.499780000000
22.499840000000
4.999870000000
12.498170000000
22.503230000000
4.999960000000
22.499540000000
12.499630000000
12.500070000000
12.499830000000
12.500690000000
12.500090000000
22.500590000000
4.995190000000
22.500760000000
22.499580000000
12.499720000000
4.999620000000
12.498940000000
22.499560000000
4.999930000000
12.499340000000
4.999910000000
5.000120000000
5.000210000000
22.500060000000
22.500200000000
12.500280000000
22.497170000000
12.500660000000
4.995430000000
9.010350000000
22.500350000000
4.997260000000
4.999890000000
5.000030000000
12.500190000000
12.501580000000
5.000200000000
12.499790000000
5.000170000000
5.000550000000
22.497680000000
12.497090000000
22.505590000000
22.499170000000
12.499540000000
12.498950000000
22.511460000000
22.500910000000
22.500380000000
22.500960000000
22.500800000000
22.499960000000
14.822830000000
22.499190000000
5.000080000000
12.497840000000
4.999730000000
4.528160000000
5.000350000000
22.501090000000
12.495990000000
22.499890000000
12.500150000000
22.499930000000
4.999550000000
12.500110000000
4.999680000000
22.500270000000
22.499400000000
12.498970000000
4.999580000000
5.005890000000
22.500090000000
12.499400000000
12.501490000000
0.465830000000
12.500130000000
22.500160000000
22.496060000000
12.502120000000
12.500160000000
5.000150000000
24.291130000000
12.499390000000
12.500910000000
12.503390000000
12.499350000000
22.500290000000
24.063250000000
5.000130000000
22.495710000000
22.498420000000
29.840330000000
